img/0_68387.png 0.295000 0.387500 0.190000 0.775000 6 0.400000 0.468750 0.180000 0.762500 8 0.500000 0.525000 0.180000 0.675000 3 0.600000 0.543750 0.180000 0.637500 8 0.705000 0.500000 0.190000 0.700000 7
img/1_40224.png 0.300000 0.375000 0.180000 0.750000 4 0.400000 0.450000 0.180000 0.800000 0 0.500000 0.525000 0.180000 0.700000 2 0.600000 0.562500 0.180000 0.625000 2 0.700000 0.550000 0.180000 0.650000 4
img/2_11825.png 0.302500 0.587500 0.175000 0.800000 1 0.402500 0.481250 0.175000 0.787500 1 0.500000 0.393750 0.170000 0.737500 8 0.597500 0.331250 0.175000 0.637500 2 0.697500 0.325000 0.175000 0.625000 5
img/3_89112.png 0.330000 0.312500 0.150000 0.625000 8 0.412500 0.387500 0.145000 0.725000 9 0.497500 0.506250 0.145000 0.712500 1 0.582500 0.618750 0.145000 0.687500 1 0.665000 0.687500 0.150000 0.600000 2
img/4_12359.png 0.322500 0.525000 0.155000 0.675000 1 0.412500 0.468750 0.155000 0.587500 2 0.500000 0.456250 0.150000 0.562500 3 0.587500 0.481250 0.155000 0.612500 5 0.677500 0.550000 0.155000 0.675000 9
img/5_57256.png 0.330000 0.656250 0.140000 0.662500 5 0.415000 0.550000 0.150000 0.725000 7 0.500000 0.431250 0.140000 0.662500 2 0.580000 0.343750 0.140000 0.612500 5 0.665000 0.293750 0.150000 0.562500 6
img/6_15346.png 0.327500 0.718750 0.145000 0.537500 1 0.410000 0.675000 0.150000 0.625000 5 0.492500 0.593750 0.145000 0.687500 3 0.577500 0.487500 0.145000 0.700000 4 0.662500 0.375000 0.155000 0.725000 6
img/7_33427.png 0.295000 0.556250 0.170000 0.812500 3 0.395000 0.462500 0.170000 0.725000 3 0.495000 0.406250 0.170000 0.637500 4 0.595000 0.418750 0.170000 0.662500 2 0.700000 0.468750 0.180000 0.737500 7
img/8_55320.png 0.332500 0.300000 0.145000 0.600000 5 0.415000 0.375000 0.150000 0.700000 5 0.500000 0.493750 0.150000 0.737500 3 0.585000 0.606250 0.150000 0.712500 2 0.667500 0.681250 0.145000 0.612500 0
img/9_35143.png 0.300000 0.537500 0.170000 0.750000 3 0.400000 0.462500 0.170000 0.650000 5 0.497500 0.456250 0.175000 0.637500 1 0.595000 0.500000 0.170000 0.700000 4 0.695000 0.581250 0.170000 0.762500 3
img/10_29419.png 0.305000 0.568750 0.170000 0.812500 2 0.400000 0.456250 0.170000 0.762500 9 0.497500 0.381250 0.165000 0.662500 4 0.595000 0.337500 0.170000 0.600000 1 0.690000 0.362500 0.170000 0.650000 9
img/11_63750.png 0.317500 0.506250 0.165000 0.687500 6 0.412500 0.562500 0.155000 0.600000 3 0.502500 0.575000 0.165000 0.575000 7 0.597500 0.531250 0.155000 0.637500 5 0.687500 0.462500 0.155000 0.700000 0
img/12_99754.png 0.322500 0.306250 0.155000 0.612500 9 0.410000 0.362500 0.150000 0.700000 9 0.500000 0.468750 0.160000 0.737500 7 0.590000 0.593750 0.150000 0.737500 5 0.677500 0.668750 0.155000 0.637500 4
img/13_65219.png 0.317500 0.693750 0.165000 0.587500 6 0.415000 0.650000 0.160000 0.650000 5 0.505000 0.568750 0.160000 0.712500 2 0.595000 0.462500 0.160000 0.750000 1 0.685000 0.368750 0.160000 0.737500 9
img/14_14644.png 0.312500 0.293750 0.155000 0.587500 1 0.402500 0.343750 0.155000 0.687500 4 0.497500 0.456250 0.165000 0.762500 6 0.592500 0.568750 0.155000 0.762500 4 0.682500 0.650000 0.155000 0.675000 4
img/15_97169.png 0.315000 0.331250 0.150000 0.662500 9 0.407500 0.406250 0.165000 0.787500 7 0.500000 0.543750 0.150000 0.737500 1 0.592500 0.643750 0.165000 0.687500 6 0.685000 0.706250 0.150000 0.562500 9
img/16_96128.png 0.325000 0.300000 0.150000 0.600000 9 0.415000 0.368750 0.160000 0.712500 6 0.505000 0.475000 0.150000 0.725000 1 0.590000 0.593750 0.150000 0.737500 2 0.675000 0.668750 0.150000 0.637500 8
img/17_31477.png 0.292500 0.668750 0.175000 0.637500 3 0.392500 0.675000 0.175000 0.625000 1 0.490000 0.631250 0.170000 0.712500 4 0.592500 0.543750 0.185000 0.787500 7 0.702500 0.425000 0.185000 0.825000 7
img/18_21000.png 0.325000 0.325000 0.150000 0.650000 2 0.412500 0.406250 0.155000 0.762500 1 0.500000 0.537500 0.150000 0.750000 0 0.587500 0.637500 0.155000 0.700000 0 0.675000 0.693750 0.150000 0.587500 0
img/19_14094.png 0.330000 0.306250 0.150000 0.612500 1 0.415000 0.381250 0.150000 0.737500 4 0.500000 0.512500 0.150000 0.750000 0 0.585000 0.631250 0.150000 0.712500 9 0.670000 0.687500 0.150000 0.600000 4
img/20_06221.png 0.295000 0.393750 0.170000 0.787500 0 0.400000 0.487500 0.180000 0.800000 6 0.505000 0.562500 0.170000 0.700000 2 0.605000 0.600000 0.170000 0.625000 2 0.705000 0.575000 0.170000 0.675000 1
img/21_44646.png 0.310000 0.712500 0.160000 0.550000 4 0.400000 0.681250 0.160000 0.612500 4 0.495000 0.618750 0.170000 0.712500 6 0.590000 0.506250 0.160000 0.737500 4 0.685000 0.400000 0.170000 0.775000 6
img/22_57278.png 0.320000 0.631250 0.150000 0.712500 5 0.410000 0.518750 0.160000 0.737500 7 0.500000 0.406250 0.150000 0.687500 2 0.590000 0.325000 0.160000 0.625000 7 0.680000 0.281250 0.150000 0.562500 8
img/23_62856.png 0.327500 0.712500 0.155000 0.550000 6 0.415000 0.668750 0.150000 0.612500 2 0.500000 0.593750 0.150000 0.687500 8 0.585000 0.487500 0.150000 0.700000 5 0.672500 0.375000 0.155000 0.725000 6
img/24_06211.png 0.300000 0.606250 0.170000 0.762500 0 0.400000 0.518750 0.180000 0.812500 6 0.502500 0.406250 0.165000 0.712500 2 0.600000 0.343750 0.170000 0.637500 1 0.695000 0.331250 0.170000 0.612500 1
img/25_77400.png 0.297500 0.387500 0.185000 0.775000 7 0.407500 0.487500 0.185000 0.825000 7 0.510000 0.600000 0.170000 0.750000 4 0.607500 0.662500 0.175000 0.650000 0 0.707500 0.681250 0.175000 0.612500 0
img/26_97257.png 0.290000 0.556250 0.180000 0.837500 9 0.395000 0.437500 0.190000 0.750000 7 0.500000 0.375000 0.180000 0.650000 2 0.600000 0.368750 0.180000 0.637500 5 0.705000 0.406250 0.190000 0.712500 7
img/27_49531.png 0.300000 0.525000 0.180000 0.750000 4 0.400000 0.468750 0.180000 0.687500 9 0.500000 0.443750 0.180000 0.637500 5 0.600000 0.493750 0.180000 0.712500 3 0.700000 0.568750 0.180000 0.762500 1
img/28_07797.png 0.282500 0.531250 0.175000 0.762500 0 0.387500 0.462500 0.185000 0.650000 7 0.497500 0.468750 0.185000 0.662500 7 0.602500 0.525000 0.175000 0.750000 9 0.707500 0.600000 0.185000 0.775000 7
img/29_71034.png 0.335000 0.312500 0.150000 0.625000 7 0.420000 0.400000 0.140000 0.700000 1 0.502500 0.525000 0.145000 0.725000 0 0.582500 0.637500 0.145000 0.700000 3 0.665000 0.700000 0.140000 0.575000 4
img/30_16631.png 0.315000 0.287500 0.150000 0.575000 1 0.407500 0.356250 0.165000 0.712500 6 0.505000 0.462500 0.160000 0.750000 6 0.597500 0.593750 0.155000 0.762500 3 0.685000 0.662500 0.150000 0.650000 1
img/31_83558.png 0.340000 0.700000 0.140000 0.575000 8 0.420000 0.631250 0.140000 0.662500 3 0.497500 0.518750 0.135000 0.662500 5 0.575000 0.406250 0.140000 0.662500 5 0.655000 0.318750 0.140000 0.637500 8
img/32_03807.png 0.300000 0.600000 0.170000 0.700000 0 0.400000 0.637500 0.170000 0.625000 3 0.495000 0.618750 0.170000 0.662500 8 0.590000 0.562500 0.170000 0.725000 0 0.695000 0.456250 0.180000 0.787500 7
img/33_07358.png 0.327500 0.656250 0.145000 0.662500 0 0.417500 0.556250 0.155000 0.737500 7 0.505000 0.437500 0.150000 0.700000 3 0.587500 0.350000 0.145000 0.625000 5 0.672500 0.300000 0.145000 0.575000 8
img/34_23120.png 0.300000 0.400000 0.180000 0.800000 2 0.400000 0.500000 0.180000 0.800000 3 0.500000 0.568750 0.180000 0.687500 1 0.600000 0.612500 0.180000 0.625000 2 0.700000 0.593750 0.180000 0.687500 0
img/35_88741.png 0.295000 0.418750 0.170000 0.812500 8 0.395000 0.506250 0.170000 0.737500 8 0.500000 0.556250 0.180000 0.637500 7 0.605000 0.543750 0.170000 0.662500 4 0.705000 0.487500 0.170000 0.725000 1
img/36_81566.png 0.302500 0.568750 0.165000 0.687500 8 0.395000 0.612500 0.160000 0.600000 1 0.487500 0.606250 0.165000 0.612500 5 0.585000 0.562500 0.170000 0.700000 6 0.687500 0.475000 0.175000 0.750000 6
img/37_57154.png 0.335000 0.712500 0.140000 0.550000 5 0.420000 0.650000 0.150000 0.650000 7 0.505000 0.550000 0.140000 0.675000 1 0.585000 0.443750 0.140000 0.687500 5 0.665000 0.337500 0.140000 0.675000 4
img/38_46424.png 0.295000 0.612500 0.170000 0.750000 4 0.400000 0.537500 0.180000 0.850000 6 0.505000 0.412500 0.170000 0.750000 4 0.605000 0.350000 0.170000 0.675000 2 0.705000 0.325000 0.170000 0.625000 4
img/39_94937.png 0.330000 0.637500 0.140000 0.700000 9 0.412500 0.525000 0.145000 0.700000 4 0.492500 0.425000 0.145000 0.675000 9 0.575000 0.337500 0.140000 0.625000 3 0.660000 0.281250 0.150000 0.537500 7
img/40_97739.png 0.295000 0.362500 0.170000 0.725000 9 0.395000 0.443750 0.180000 0.837500 7 0.502500 0.575000 0.175000 0.775000 7 0.605000 0.650000 0.170000 0.675000 3 0.700000 0.693750 0.170000 0.587500 9
img/41_77442.png 0.337500 0.700000 0.145000 0.575000 7 0.425000 0.625000 0.150000 0.650000 7 0.507500 0.512500 0.135000 0.675000 4 0.587500 0.400000 0.135000 0.675000 4 0.665000 0.312500 0.140000 0.625000 2
img/42_21012.png 0.300000 0.418750 0.180000 0.787500 2 0.400000 0.506250 0.180000 0.712500 1 0.500000 0.550000 0.180000 0.650000 0 0.600000 0.531250 0.180000 0.662500 1 0.700000 0.475000 0.180000 0.725000 2
img/43_12339.png 0.347500 0.687500 0.135000 0.600000 1 0.422500 0.606250 0.135000 0.662500 2 0.500000 0.500000 0.130000 0.675000 3 0.577500 0.387500 0.135000 0.650000 3 0.652500 0.300000 0.135000 0.600000 9
img/44_19057.png 0.350000 0.700000 0.130000 0.575000 1 0.422500 0.625000 0.125000 0.650000 9 0.495000 0.512500 0.130000 0.650000 0 0.570000 0.400000 0.130000 0.625000 5 0.647500 0.312500 0.135000 0.600000 7
img/45_53086.png 0.295000 0.393750 0.170000 0.787500 5 0.395000 0.493750 0.170000 0.812500 3 0.495000 0.575000 0.170000 0.725000 0 0.595000 0.618750 0.170000 0.637500 8 0.700000 0.600000 0.180000 0.675000 6
img/46_07759.png 0.337500 0.687500 0.135000 0.600000 0 0.420000 0.600000 0.140000 0.675000 7 0.505000 0.475000 0.140000 0.675000 7 0.582500 0.368750 0.135000 0.637500 5 0.662500 0.293750 0.135000 0.587500 9
img/47_86300.png 0.310000 0.606250 0.160000 0.762500 8 0.407500 0.506250 0.175000 0.787500 6 0.505000 0.400000 0.160000 0.700000 3 0.597500 0.343750 0.165000 0.637500 0 0.690000 0.325000 0.160000 0.600000 0
img/48_10393.png 0.330000 0.606250 0.150000 0.562500 1 0.415000 0.618750 0.150000 0.562500 0 0.500000 0.581250 0.150000 0.612500 3 0.585000 0.512500 0.150000 0.675000 9 0.670000 0.418750 0.150000 0.712500 3
img/49_12966.png 0.320000 0.287500 0.150000 0.575000 1 0.405000 0.343750 0.150000 0.687500 2 0.490000 0.456250 0.150000 0.737500 9 0.580000 0.581250 0.160000 0.762500 6 0.675000 0.668750 0.160000 0.637500 6
img/50_72032.png 0.312500 0.550000 0.175000 0.750000 7 0.412500 0.462500 0.165000 0.650000 2 0.502500 0.437500 0.165000 0.600000 0 0.597500 0.456250 0.165000 0.637500 3 0.692500 0.506250 0.165000 0.687500 2
img/51_26713.png 0.315000 0.381250 0.150000 0.562500 2 0.407500 0.393750 0.165000 0.587500 6 0.505000 0.437500 0.160000 0.650000 7 0.597500 0.525000 0.155000 0.700000 1 0.685000 0.625000 0.150000 0.725000 3
img/52_32482.png 0.322500 0.318750 0.155000 0.562500 3 0.410000 0.356250 0.150000 0.637500 2 0.497500 0.431250 0.155000 0.687500 4 0.585000 0.537500 0.150000 0.725000 8 0.672500 0.631250 0.155000 0.712500 2
img/53_47707.png 0.307500 0.568750 0.155000 0.687500 4 0.402500 0.500000 0.165000 0.625000 7 0.500000 0.462500 0.160000 0.550000 7 0.592500 0.493750 0.155000 0.612500 0 0.687500 0.550000 0.165000 0.675000 7
img/54_01179.png 0.320000 0.637500 0.150000 0.700000 0 0.407500 0.543750 0.155000 0.762500 1 0.497500 0.431250 0.155000 0.712500 1 0.587500 0.343750 0.165000 0.637500 7 0.680000 0.306250 0.150000 0.587500 9
img/55_26879.png 0.290000 0.362500 0.180000 0.625000 2 0.395000 0.393750 0.190000 0.687500 6 0.500000 0.456250 0.180000 0.762500 8 0.605000 0.562500 0.190000 0.825000 7 0.710000 0.631250 0.180000 0.712500 9
img/56_60708.png 0.295000 0.350000 0.190000 0.700000 6 0.400000 0.418750 0.180000 0.837500 0 0.505000 0.525000 0.190000 0.800000 7 0.610000 0.625000 0.180000 0.725000 0 0.710000 0.668750 0.180000 0.637500 8
img/57_66274.png 0.302500 0.593750 0.175000 0.787500 6 0.405000 0.487500 0.180000 0.775000 6 0.505000 0.387500 0.170000 0.675000 2 0.602500 0.350000 0.175000 0.600000 7 0.702500 0.356250 0.165000 0.612500 4
img/58_96028.png 0.295000 0.456250 0.170000 0.787500 9 0.400000 0.537500 0.180000 0.700000 6 0.505000 0.568750 0.170000 0.637500 0 0.605000 0.531250 0.170000 0.687500 2 0.705000 0.468750 0.170000 0.762500 8
img/59_60946.png 0.320000 0.300000 0.160000 0.600000 6 0.412500 0.368750 0.155000 0.737500 0 0.500000 0.475000 0.150000 0.775000 9 0.587500 0.593750 0.155000 0.737500 4 0.680000 0.668750 0.160000 0.637500 6
img/60_48278.png 0.317500 0.306250 0.155000 0.612500 4 0.402500 0.375000 0.155000 0.750000 8 0.492500 0.481250 0.155000 0.737500 2 0.587500 0.581250 0.165000 0.687500 7 0.677500 0.650000 0.155000 0.625000 8
img/61_22256.png 0.320000 0.612500 0.150000 0.750000 2 0.407500 0.500000 0.155000 0.750000 2 0.497500 0.393750 0.155000 0.687500 2 0.582500 0.325000 0.155000 0.625000 5 0.675000 0.293750 0.160000 0.562500 6
img/62_48605.png 0.310000 0.700000 0.160000 0.575000 4 0.402500 0.675000 0.165000 0.625000 8 0.500000 0.612500 0.170000 0.725000 6 0.597500 0.512500 0.165000 0.775000 0 0.690000 0.387500 0.160000 0.775000 5
img/63_71663.png 0.330000 0.706250 0.150000 0.562500 7 0.415000 0.643750 0.140000 0.637500 1 0.500000 0.550000 0.150000 0.700000 6 0.590000 0.425000 0.150000 0.700000 6 0.675000 0.325000 0.140000 0.650000 3
img/64_53313.png 0.305000 0.693750 0.170000 0.587500 5 0.400000 0.656250 0.170000 0.662500 3 0.497500 0.600000 0.165000 0.750000 3 0.595000 0.487500 0.170000 0.775000 1 0.690000 0.387500 0.170000 0.775000 3
img/65_64325.png 0.315000 0.306250 0.170000 0.612500 6 0.412500 0.362500 0.165000 0.725000 4 0.505000 0.475000 0.160000 0.800000 3 0.595000 0.600000 0.160000 0.775000 2 0.690000 0.668750 0.160000 0.637500 5
img/66_79527.png 0.295000 0.575000 0.190000 0.825000 7 0.400000 0.481250 0.180000 0.787500 9 0.500000 0.393750 0.180000 0.687500 5 0.600000 0.350000 0.180000 0.625000 2 0.705000 0.375000 0.190000 0.675000 7
img/67_98567.png 0.335000 0.712500 0.140000 0.550000 9 0.412500 0.656250 0.135000 0.612500 8 0.490000 0.568750 0.140000 0.637500 5 0.572500 0.462500 0.145000 0.675000 6 0.657500 0.343750 0.145000 0.662500 7
img/68_67999.png 0.295000 0.450000 0.190000 0.700000 6 0.405000 0.418750 0.190000 0.637500 7 0.510000 0.475000 0.180000 0.725000 9 0.610000 0.556250 0.180000 0.787500 9 0.710000 0.618750 0.180000 0.737500 9
img/69_25722.png 0.295000 0.443750 0.170000 0.712500 2 0.395000 0.393750 0.170000 0.637500 5 0.500000 0.412500 0.180000 0.675000 7 0.605000 0.475000 0.170000 0.750000 2 0.705000 0.568750 0.170000 0.787500 2
img/70_49893.png 0.302500 0.343750 0.175000 0.687500 4 0.402500 0.412500 0.175000 0.825000 9 0.500000 0.518750 0.170000 0.787500 8 0.597500 0.600000 0.175000 0.700000 9 0.697500 0.637500 0.175000 0.625000 3
img/71_21845.png 0.300000 0.400000 0.180000 0.650000 2 0.400000 0.400000 0.180000 0.650000 1 0.500000 0.456250 0.180000 0.737500 8 0.600000 0.543750 0.180000 0.787500 4 0.700000 0.612500 0.180000 0.750000 5
img/72_37970.png 0.315000 0.618750 0.150000 0.737500 3 0.407500 0.506250 0.165000 0.762500 7 0.500000 0.400000 0.150000 0.700000 9 0.592500 0.325000 0.165000 0.625000 7 0.685000 0.293750 0.150000 0.562500 0
img/73_26212.png 0.337500 0.662500 0.135000 0.650000 2 0.420000 0.550000 0.140000 0.700000 6 0.502500 0.431250 0.135000 0.662500 2 0.577500 0.337500 0.135000 0.600000 1 0.657500 0.275000 0.135000 0.550000 2
img/74_32996.png 0.327500 0.306250 0.145000 0.612500 3 0.410000 0.368750 0.150000 0.712500 2 0.492500 0.500000 0.145000 0.725000 9 0.577500 0.618750 0.145000 0.712500 9 0.662500 0.681250 0.155000 0.612500 6
img/75_53442.png 0.320000 0.337500 0.160000 0.675000 5 0.410000 0.418750 0.160000 0.787500 3 0.500000 0.537500 0.160000 0.750000 4 0.590000 0.631250 0.160000 0.687500 4 0.680000 0.687500 0.160000 0.600000 2
img/76_79128.png 0.317500 0.625000 0.165000 0.725000 7 0.415000 0.531250 0.160000 0.787500 9 0.505000 0.418750 0.160000 0.712500 1 0.595000 0.337500 0.160000 0.650000 2 0.685000 0.306250 0.160000 0.587500 8
img/77_43276.png 0.322500 0.681250 0.145000 0.612500 4 0.407500 0.618750 0.145000 0.737500 3 0.487500 0.493750 0.145000 0.687500 2 0.575000 0.387500 0.150000 0.650000 7 0.667500 0.312500 0.155000 0.600000 6
img/78_02373.png 0.295000 0.612500 0.170000 0.700000 0 0.395000 0.637500 0.170000 0.625000 2 0.495000 0.600000 0.170000 0.700000 3 0.600000 0.525000 0.180000 0.775000 7 0.705000 0.418750 0.170000 0.812500 3
img/79_15096.png 0.307500 0.600000 0.165000 0.775000 1 0.402500 0.493750 0.165000 0.787500 5 0.497500 0.393750 0.165000 0.737500 0 0.587500 0.331250 0.165000 0.662500 9 0.687500 0.300000 0.175000 0.600000 6
img/80_51714.png 0.302500 0.562500 0.165000 0.800000 5 0.397500 0.462500 0.165000 0.725000 1 0.497500 0.400000 0.175000 0.650000 7 0.597500 0.381250 0.165000 0.612500 1 0.692500 0.418750 0.165000 0.662500 4
img/81_84666.png 0.310000 0.668750 0.150000 0.587500 8 0.397500 0.668750 0.155000 0.562500 4 0.490000 0.625000 0.160000 0.650000 6 0.585000 0.537500 0.160000 0.725000 6 0.680000 0.425000 0.160000 0.750000 6
img/82_21320.png 0.330000 0.300000 0.150000 0.600000 2 0.415000 0.362500 0.150000 0.700000 1 0.500000 0.481250 0.150000 0.737500 3 0.585000 0.600000 0.150000 0.725000 2 0.670000 0.675000 0.150000 0.625000 0
img/83_15839.png 0.322500 0.618750 0.155000 0.737500 1 0.412500 0.512500 0.155000 0.750000 5 0.500000 0.412500 0.160000 0.700000 8 0.587500 0.337500 0.155000 0.650000 3 0.677500 0.300000 0.155000 0.575000 9
img/84_42624.png 0.297500 0.631250 0.175000 0.712500 4 0.395000 0.562500 0.170000 0.825000 2 0.497500 0.443750 0.185000 0.787500 6 0.600000 0.356250 0.170000 0.687500 2 0.697500 0.318750 0.175000 0.612500 4
img/85_12879.png 0.322500 0.625000 0.155000 0.725000 1 0.410000 0.518750 0.150000 0.737500 2 0.495000 0.412500 0.150000 0.700000 8 0.585000 0.331250 0.160000 0.637500 7 0.677500 0.293750 0.155000 0.562500 9
img/86_88883.png 0.340000 0.681250 0.140000 0.612500 8 0.420000 0.600000 0.140000 0.700000 8 0.497500 0.481250 0.135000 0.687500 8 0.575000 0.375000 0.140000 0.650000 8 0.655000 0.300000 0.140000 0.600000 3
img/87_28095.png 0.330000 0.318750 0.150000 0.637500 2 0.415000 0.400000 0.150000 0.750000 8 0.500000 0.525000 0.150000 0.750000 0 0.585000 0.637500 0.150000 0.700000 9 0.670000 0.693750 0.150000 0.587500 5
img/88_36569.png 0.342500 0.687500 0.135000 0.600000 3 0.420000 0.593750 0.140000 0.662500 6 0.500000 0.475000 0.130000 0.650000 5 0.580000 0.368750 0.140000 0.637500 6 0.657500 0.287500 0.135000 0.575000 9
img/89_97726.png 0.285000 0.475000 0.170000 0.800000 9 0.390000 0.550000 0.180000 0.700000 7 0.500000 0.587500 0.180000 0.625000 7 0.605000 0.556250 0.170000 0.687500 2 0.710000 0.487500 0.180000 0.775000 6
img/90_39670.png 0.320000 0.556250 0.150000 0.712500 3 0.405000 0.462500 0.150000 0.650000 9 0.495000 0.412500 0.160000 0.575000 6 0.590000 0.400000 0.160000 0.550000 7 0.680000 0.437500 0.150000 0.625000 0
img/91_23478.png 0.342500 0.693750 0.135000 0.587500 2 0.417500 0.618750 0.135000 0.637500 3 0.495000 0.512500 0.130000 0.650000 4 0.575000 0.393750 0.140000 0.662500 7 0.652500 0.306250 0.135000 0.612500 8
img/92_76972.png 0.332500 0.306250 0.145000 0.612500 7 0.422500 0.406250 0.145000 0.712500 6 0.505000 0.525000 0.140000 0.700000 9 0.587500 0.631250 0.145000 0.662500 7 0.670000 0.706250 0.140000 0.562500 2
img/93_52405.png 0.300000 0.425000 0.180000 0.675000 5 0.400000 0.406250 0.180000 0.637500 2 0.500000 0.450000 0.180000 0.700000 4 0.600000 0.531250 0.180000 0.787500 0 0.700000 0.606250 0.180000 0.762500 5
img/94_79502.png 0.310000 0.381250 0.180000 0.762500 7 0.410000 0.481250 0.170000 0.812500 9 0.505000 0.587500 0.170000 0.750000 5 0.600000 0.656250 0.170000 0.662500 0 0.695000 0.693750 0.170000 0.587500 2
img/95_84225.png 0.347500 0.693750 0.135000 0.587500 8 0.422500 0.612500 0.135000 0.675000 4 0.500000 0.493750 0.130000 0.662500 2 0.577500 0.393750 0.135000 0.637500 2 0.652500 0.300000 0.135000 0.600000 5
img/96_77849.png 0.327500 0.706250 0.155000 0.562500 7 0.420000 0.650000 0.160000 0.650000 7 0.507500 0.562500 0.145000 0.700000 8 0.592500 0.443750 0.145000 0.712500 4 0.677500 0.343750 0.145000 0.687500 9
img/97_45708.png 0.295000 0.343750 0.170000 0.687500 4 0.395000 0.406250 0.170000 0.812500 5 0.500000 0.506250 0.180000 0.787500 7 0.605000 0.600000 0.170000 0.700000 0 0.705000 0.631250 0.170000 0.637500 8
img/98_56585.png 0.295000 0.581250 0.170000 0.812500 5 0.400000 0.487500 0.180000 0.825000 6 0.505000 0.375000 0.170000 0.725000 5 0.605000 0.337500 0.170000 0.650000 8 0.705000 0.331250 0.170000 0.637500 5
img/99_32714.png 0.350000 0.687500 0.130000 0.600000 3 0.422500 0.600000 0.125000 0.650000 2 0.500000 0.487500 0.140000 0.650000 7 0.577500 0.375000 0.125000 0.600000 1 0.650000 0.293750 0.130000 0.562500 4
img/100_37771.png 0.300000 0.631250 0.160000 0.637500 3 0.395000 0.643750 0.170000 0.587500 7 0.497500 0.600000 0.175000 0.650000 7 0.600000 0.518750 0.170000 0.737500 7 0.695000 0.412500 0.160000 0.750000 1
img/101_19751.png 0.335000 0.656250 0.140000 0.662500 1 0.415000 0.562500 0.140000 0.700000 9 0.500000 0.437500 0.150000 0.675000 7 0.585000 0.343750 0.140000 0.612500 5 0.665000 0.287500 0.140000 0.550000 1
img/102_37602.png 0.290000 0.393750 0.180000 0.787500 3 0.395000 0.475000 0.190000 0.800000 7 0.505000 0.575000 0.190000 0.725000 6 0.610000 0.618750 0.180000 0.637500 0 0.710000 0.600000 0.180000 0.650000 2
img/103_41828.png 0.337500 0.693750 0.145000 0.587500 4 0.420000 0.625000 0.140000 0.700000 1 0.500000 0.512500 0.140000 0.700000 8 0.580000 0.400000 0.140000 0.675000 2 0.662500 0.312500 0.145000 0.625000 8
img/104_55406.png 0.345000 0.706250 0.130000 0.562500 5 0.420000 0.631250 0.130000 0.637500 5 0.495000 0.525000 0.130000 0.650000 4 0.570000 0.418750 0.130000 0.637500 0 0.650000 0.325000 0.140000 0.625000 6
img/105_59999.png 0.322500 0.668750 0.155000 0.562500 5 0.412500 0.643750 0.155000 0.612500 9 0.500000 0.581250 0.160000 0.687500 9 0.587500 0.493750 0.155000 0.737500 9 0.677500 0.387500 0.155000 0.750000 9
img/106_33466.png 0.290000 0.568750 0.180000 0.837500 3 0.390000 0.456250 0.180000 0.762500 3 0.490000 0.393750 0.180000 0.662500 4 0.595000 0.387500 0.190000 0.650000 6 0.705000 0.425000 0.190000 0.725000 6
img/107_13055.png 0.300000 0.412500 0.180000 0.800000 1 0.400000 0.506250 0.180000 0.737500 3 0.500000 0.556250 0.180000 0.662500 0 0.600000 0.543750 0.180000 0.662500 5 0.700000 0.500000 0.180000 0.725000 5
img/108_71336.png 0.295000 0.537500 0.190000 0.775000 7 0.400000 0.462500 0.180000 0.675000 1 0.500000 0.443750 0.180000 0.637500 3 0.600000 0.475000 0.180000 0.700000 3 0.705000 0.550000 0.190000 0.775000 6
img/109_05031.png 0.320000 0.343750 0.160000 0.687500 0 0.410000 0.412500 0.160000 0.800000 5 0.500000 0.543750 0.160000 0.762500 0 0.590000 0.637500 0.160000 0.700000 3 0.680000 0.687500 0.160000 0.600000 1
img/110_67111.png 0.320000 0.300000 0.160000 0.600000 6 0.417500 0.368750 0.165000 0.737500 7 0.510000 0.487500 0.150000 0.750000 1 0.595000 0.600000 0.150000 0.725000 1 0.682500 0.675000 0.155000 0.625000 1
img/111_26821.png 0.300000 0.406250 0.170000 0.787500 2 0.405000 0.512500 0.180000 0.725000 6 0.505000 0.562500 0.170000 0.625000 8 0.600000 0.550000 0.170000 0.625000 2 0.700000 0.512500 0.170000 0.700000 1
img/112_47505.png 0.312500 0.312500 0.155000 0.625000 4 0.407500 0.387500 0.165000 0.775000 7 0.502500 0.512500 0.155000 0.750000 5 0.592500 0.612500 0.155000 0.700000 0 0.682500 0.675000 0.155000 0.625000 5
img/113_83798.png 0.320000 0.637500 0.150000 0.700000 8 0.407500 0.543750 0.155000 0.762500 3 0.500000 0.425000 0.160000 0.700000 7 0.592500 0.343750 0.155000 0.637500 9 0.680000 0.300000 0.150000 0.575000 8
img/114_00116.png 0.295000 0.337500 0.170000 0.650000 0 0.395000 0.362500 0.170000 0.700000 0 0.495000 0.425000 0.170000 0.750000 1 0.595000 0.525000 0.170000 0.800000 1 0.700000 0.612500 0.180000 0.750000 6
img/115_79729.png 0.320000 0.350000 0.160000 0.700000 7 0.412500 0.456250 0.155000 0.762500 9 0.505000 0.575000 0.160000 0.725000 7 0.595000 0.668750 0.150000 0.637500 2 0.682500 0.712500 0.155000 0.550000 9
img/116_89099.png 0.322500 0.331250 0.155000 0.662500 8 0.412500 0.412500 0.155000 0.775000 9 0.500000 0.537500 0.150000 0.775000 0 0.587500 0.637500 0.155000 0.700000 9 0.677500 0.700000 0.155000 0.575000 9
img/117_02757.png 0.315000 0.312500 0.150000 0.625000 0 0.402500 0.381250 0.155000 0.737500 2 0.495000 0.506250 0.160000 0.762500 7 0.587500 0.625000 0.155000 0.725000 5 0.680000 0.693750 0.160000 0.587500 7
img/118_56778.png 0.320000 0.287500 0.150000 0.575000 5 0.407500 0.356250 0.155000 0.687500 6 0.500000 0.462500 0.160000 0.725000 7 0.592500 0.587500 0.155000 0.725000 7 0.680000 0.675000 0.150000 0.625000 8
img/119_28433.png 0.347500 0.675000 0.135000 0.625000 2 0.425000 0.575000 0.130000 0.675000 8 0.500000 0.456250 0.130000 0.662500 4 0.575000 0.362500 0.130000 0.625000 3 0.652500 0.287500 0.135000 0.575000 3
img/120_22999.png 0.322500 0.568750 0.155000 0.612500 2 0.407500 0.600000 0.155000 0.550000 2 0.497500 0.581250 0.155000 0.612500 9 0.587500 0.525000 0.155000 0.675000 9 0.672500 0.437500 0.155000 0.725000 9
img/121_23136.png 0.310000 0.700000 0.160000 0.575000 2 0.402500 0.675000 0.165000 0.625000 3 0.495000 0.625000 0.160000 0.700000 1 0.587500 0.531250 0.165000 0.762500 3 0.685000 0.412500 0.170000 0.800000 6
img/122_93456.png 0.322500 0.712500 0.155000 0.550000 9 0.410000 0.675000 0.150000 0.625000 3 0.495000 0.600000 0.150000 0.675000 4 0.582500 0.500000 0.155000 0.725000 5 0.675000 0.387500 0.160000 0.750000 6
img/123_76434.png 0.330000 0.318750 0.150000 0.637500 7 0.420000 0.418750 0.150000 0.737500 6 0.505000 0.537500 0.140000 0.700000 4 0.587500 0.650000 0.145000 0.675000 3 0.667500 0.706250 0.145000 0.562500 4
img/124_00181.png 0.330000 0.300000 0.150000 0.600000 0 0.415000 0.362500 0.150000 0.700000 0 0.500000 0.462500 0.150000 0.725000 1 0.585000 0.587500 0.150000 0.750000 8 0.670000 0.662500 0.150000 0.650000 1
img/125_63842.png 0.322500 0.293750 0.165000 0.587500 6 0.417500 0.350000 0.155000 0.700000 3 0.502500 0.443750 0.155000 0.762500 8 0.592500 0.562500 0.155000 0.750000 4 0.682500 0.650000 0.155000 0.675000 2
img/126_16780.png 0.300000 0.600000 0.170000 0.775000 1 0.400000 0.493750 0.180000 0.812500 6 0.505000 0.381250 0.180000 0.712500 7 0.605000 0.331250 0.170000 0.637500 8 0.700000 0.318750 0.170000 0.612500 0
img/127_67772.png 0.300000 0.331250 0.170000 0.662500 6 0.400000 0.393750 0.170000 0.787500 7 0.500000 0.518750 0.170000 0.737500 7 0.602500 0.606250 0.165000 0.662500 7 0.700000 0.656250 0.160000 0.587500 2
img/128_87805.png 0.327500 0.712500 0.145000 0.550000 8 0.415000 0.656250 0.150000 0.637500 7 0.502500 0.568750 0.145000 0.687500 8 0.582500 0.462500 0.145000 0.700000 0 0.667500 0.350000 0.145000 0.700000 5
img/129_97630.png 0.305000 0.350000 0.160000 0.700000 9 0.402500 0.431250 0.175000 0.812500 7 0.505000 0.568750 0.170000 0.762500 6 0.602500 0.650000 0.165000 0.675000 3 0.695000 0.687500 0.160000 0.600000 0
img/130_84994.png 0.322500 0.331250 0.155000 0.662500 8 0.412500 0.400000 0.155000 0.775000 4 0.500000 0.531250 0.160000 0.762500 9 0.587500 0.637500 0.155000 0.700000 9 0.677500 0.687500 0.155000 0.600000 4
img/131_41412.png 0.300000 0.343750 0.170000 0.637500 4 0.400000 0.356250 0.170000 0.662500 1 0.497500 0.412500 0.175000 0.725000 4 0.595000 0.506250 0.170000 0.787500 1 0.695000 0.600000 0.170000 0.775000 2
img/132_36143.png 0.307500 0.693750 0.165000 0.587500 3 0.407500 0.656250 0.175000 0.662500 6 0.502500 0.575000 0.165000 0.725000 1 0.597500 0.475000 0.165000 0.775000 4 0.692500 0.381250 0.165000 0.762500 3
img/133_02033.png 0.300000 0.393750 0.180000 0.662500 0 0.400000 0.387500 0.180000 0.650000 2 0.500000 0.443750 0.180000 0.737500 0 0.600000 0.525000 0.180000 0.800000 3 0.700000 0.606250 0.180000 0.762500 3
img/134_14534.png 0.300000 0.587500 0.180000 0.800000 1 0.400000 0.481250 0.180000 0.812500 4 0.500000 0.387500 0.180000 0.725000 5 0.600000 0.343750 0.180000 0.662500 3 0.700000 0.331250 0.180000 0.637500 4
img/135_33422.png 0.300000 0.468750 0.180000 0.787500 3 0.400000 0.537500 0.180000 0.700000 3 0.500000 0.562500 0.180000 0.625000 4 0.600000 0.531250 0.180000 0.687500 2 0.700000 0.462500 0.180000 0.750000 2
img/136_57853.png 0.295000 0.625000 0.170000 0.675000 5 0.400000 0.643750 0.180000 0.637500 7 0.505000 0.600000 0.170000 0.725000 8 0.605000 0.512500 0.170000 0.775000 5 0.705000 0.412500 0.170000 0.825000 3
img/137_61791.png 0.295000 0.387500 0.190000 0.775000 6 0.400000 0.456250 0.180000 0.787500 1 0.505000 0.543750 0.190000 0.712500 7 0.610000 0.593750 0.180000 0.637500 9 0.710000 0.575000 0.180000 0.650000 1
img/138_39857.png 0.317500 0.331250 0.155000 0.662500 3 0.407500 0.418750 0.155000 0.787500 9 0.497500 0.550000 0.155000 0.775000 8 0.582500 0.643750 0.155000 0.687500 5 0.677500 0.700000 0.165000 0.575000 7
img/139_21584.png 0.350000 0.700000 0.130000 0.575000 2 0.425000 0.612500 0.130000 0.625000 1 0.500000 0.512500 0.130000 0.650000 5 0.575000 0.406250 0.130000 0.637500 8 0.650000 0.306250 0.130000 0.612500 4
img/140_55658.png 0.295000 0.362500 0.170000 0.650000 5 0.395000 0.362500 0.170000 0.650000 5 0.500000 0.425000 0.180000 0.750000 6 0.605000 0.512500 0.170000 0.800000 5 0.705000 0.600000 0.170000 0.775000 8
img/141_65924.png 0.322500 0.306250 0.165000 0.612500 6 0.417500 0.368750 0.155000 0.737500 5 0.502500 0.487500 0.155000 0.775000 9 0.592500 0.606250 0.155000 0.737500 2 0.682500 0.675000 0.155000 0.625000 4
img/142_64288.png 0.330000 0.293750 0.160000 0.587500 6 0.420000 0.350000 0.150000 0.700000 4 0.505000 0.468750 0.150000 0.737500 2 0.590000 0.593750 0.150000 0.737500 8 0.675000 0.668750 0.150000 0.637500 8
img/143_97257.png 0.312500 0.368750 0.155000 0.737500 9 0.405000 0.468750 0.160000 0.737500 7 0.497500 0.575000 0.155000 0.675000 2 0.587500 0.631250 0.155000 0.587500 5 0.677500 0.650000 0.165000 0.550000 7
img/144_58425.png 0.335000 0.712500 0.140000 0.550000 5 0.415000 0.662500 0.140000 0.650000 8 0.497500 0.568750 0.145000 0.662500 4 0.580000 0.456250 0.140000 0.687500 2 0.660000 0.350000 0.140000 0.675000 5
img/145_47064.png 0.290000 0.456250 0.180000 0.787500 4 0.395000 0.537500 0.190000 0.700000 7 0.500000 0.581250 0.180000 0.637500 0 0.605000 0.550000 0.190000 0.700000 6 0.710000 0.475000 0.180000 0.750000 4
img/146_52058.png 0.300000 0.487500 0.180000 0.725000 5 0.400000 0.431250 0.180000 0.637500 2 0.500000 0.443750 0.180000 0.662500 0 0.600000 0.487500 0.180000 0.725000 5 0.700000 0.581250 0.180000 0.787500 8
img/147_77886.png 0.340000 0.687500 0.140000 0.600000 7 0.425000 0.593750 0.140000 0.687500 7 0.502500 0.481250 0.135000 0.662500 8 0.580000 0.375000 0.130000 0.625000 8 0.660000 0.300000 0.140000 0.575000 6
img/148_45586.png 0.312500 0.625000 0.155000 0.725000 4 0.402500 0.525000 0.155000 0.725000 5 0.492500 0.431250 0.155000 0.662500 5 0.582500 0.387500 0.155000 0.600000 8 0.677500 0.375000 0.165000 0.575000 6
img/149_69262.png 0.305000 0.306250 0.180000 0.612500 6 0.405000 0.343750 0.170000 0.687500 9 0.500000 0.412500 0.170000 0.750000 2 0.600000 0.537500 0.180000 0.800000 6 0.700000 0.625000 0.170000 0.725000 2
img/150_67479.png 0.290000 0.437500 0.180000 0.825000 6 0.400000 0.525000 0.180000 0.700000 7 0.505000 0.562500 0.170000 0.625000 4 0.610000 0.531250 0.180000 0.687500 7 0.715000 0.468750 0.170000 0.762500 9
img/151_94616.png 0.322500 0.718750 0.145000 0.537500 9 0.407500 0.675000 0.145000 0.625000 4 0.492500 0.593750 0.155000 0.687500 6 0.582500 0.487500 0.145000 0.700000 1 0.667500 0.375000 0.155000 0.725000 6
img/152_25002.png 0.337500 0.643750 0.145000 0.687500 2 0.420000 0.525000 0.140000 0.700000 5 0.500000 0.425000 0.140000 0.675000 0 0.580000 0.337500 0.140000 0.625000 0 0.662500 0.275000 0.145000 0.550000 2
img/153_97515.png 0.307500 0.443750 0.165000 0.737500 9 0.405000 0.518750 0.170000 0.662500 7 0.502500 0.562500 0.165000 0.575000 5 0.595000 0.543750 0.160000 0.612500 1 0.687500 0.487500 0.165000 0.675000 5
img/154_98835.png 0.340000 0.643750 0.140000 0.687500 9 0.420000 0.537500 0.140000 0.700000 8 0.500000 0.425000 0.140000 0.675000 8 0.580000 0.343750 0.140000 0.612500 3 0.660000 0.281250 0.140000 0.537500 5
img/155_16172.png 0.305000 0.468750 0.160000 0.712500 1 0.405000 0.543750 0.170000 0.637500 6 0.500000 0.562500 0.160000 0.575000 1 0.595000 0.525000 0.170000 0.650000 7 0.695000 0.462500 0.160000 0.700000 2
img/156_33262.png 0.295000 0.381250 0.170000 0.762500 3 0.395000 0.456250 0.170000 0.837500 3 0.495000 0.556250 0.170000 0.762500 2 0.600000 0.637500 0.180000 0.700000 6 0.705000 0.662500 0.170000 0.625000 2
img/157_17076.png 0.312500 0.287500 0.155000 0.575000 1 0.405000 0.343750 0.160000 0.687500 7 0.495000 0.456250 0.150000 0.737500 0 0.585000 0.575000 0.160000 0.750000 7 0.682500 0.662500 0.165000 0.650000 6
img/158_83396.png 0.337500 0.712500 0.135000 0.550000 8 0.417500 0.656250 0.135000 0.637500 3 0.492500 0.556250 0.135000 0.662500 3 0.572500 0.450000 0.135000 0.675000 9 0.652500 0.337500 0.145000 0.675000 6
img/159_49567.png 0.290000 0.362500 0.180000 0.725000 4 0.390000 0.431250 0.180000 0.812500 9 0.490000 0.518750 0.180000 0.737500 5 0.595000 0.575000 0.190000 0.650000 6 0.705000 0.562500 0.190000 0.650000 7
img/160_35888.png 0.300000 0.406250 0.180000 0.687500 3 0.400000 0.381250 0.180000 0.637500 5 0.500000 0.431250 0.180000 0.712500 8 0.600000 0.506250 0.180000 0.787500 8 0.700000 0.593750 0.180000 0.787500 8
img/161_60076.png 0.332500 0.675000 0.145000 0.625000 6 0.415000 0.593750 0.140000 0.687500 0 0.492500 0.475000 0.135000 0.675000 0 0.577500 0.368750 0.145000 0.637500 7 0.662500 0.300000 0.145000 0.575000 6
img/162_43833.png 0.330000 0.681250 0.150000 0.612500 4 0.412500 0.618750 0.145000 0.737500 3 0.497500 0.493750 0.145000 0.712500 8 0.582500 0.387500 0.145000 0.675000 3 0.665000 0.312500 0.150000 0.625000 3
img/163_17754.png 0.290000 0.518750 0.180000 0.762500 1 0.395000 0.450000 0.190000 0.675000 7 0.505000 0.431250 0.190000 0.637500 7 0.610000 0.475000 0.180000 0.700000 5 0.710000 0.550000 0.180000 0.775000 4
img/164_25658.png 0.327500 0.306250 0.145000 0.612500 2 0.410000 0.387500 0.150000 0.725000 5 0.497500 0.518750 0.155000 0.737500 6 0.585000 0.625000 0.150000 0.675000 5 0.667500 0.693750 0.145000 0.587500 8
img/165_73350.png 0.340000 0.312500 0.150000 0.625000 7 0.422500 0.406250 0.145000 0.712500 3 0.505000 0.531250 0.140000 0.712500 3 0.585000 0.637500 0.140000 0.675000 5 0.665000 0.700000 0.140000 0.575000 0
img/166_08381.png 0.330000 0.650000 0.150000 0.675000 0 0.415000 0.562500 0.150000 0.750000 8 0.500000 0.443750 0.150000 0.712500 3 0.585000 0.362500 0.150000 0.650000 8 0.670000 0.300000 0.150000 0.575000 1
img/167_99239.png 0.320000 0.606250 0.160000 0.762500 9 0.410000 0.493750 0.160000 0.762500 9 0.500000 0.387500 0.160000 0.700000 2 0.590000 0.325000 0.160000 0.625000 3 0.680000 0.293750 0.160000 0.562500 9
img/168_22177.png 0.322500 0.718750 0.145000 0.537500 2 0.407500 0.675000 0.145000 0.625000 2 0.492500 0.600000 0.145000 0.675000 1 0.580000 0.487500 0.160000 0.725000 7 0.672500 0.362500 0.155000 0.725000 7
img/169_03508.png 0.320000 0.693750 0.160000 0.587500 0 0.410000 0.656250 0.160000 0.662500 3 0.500000 0.568750 0.160000 0.712500 5 0.590000 0.468750 0.160000 0.762500 0 0.680000 0.368750 0.160000 0.737500 8
img/170_39994.png 0.317500 0.362500 0.155000 0.725000 3 0.407500 0.450000 0.155000 0.775000 9 0.497500 0.556250 0.155000 0.712500 9 0.587500 0.631250 0.155000 0.637500 9 0.677500 0.662500 0.155000 0.575000 4
img/171_66577.png 0.317500 0.643750 0.155000 0.687500 6 0.410000 0.543750 0.160000 0.762500 6 0.500000 0.418750 0.150000 0.687500 5 0.590000 0.337500 0.160000 0.625000 7 0.682500 0.287500 0.155000 0.550000 7
img/172_81980.png 0.300000 0.450000 0.180000 0.800000 8 0.400000 0.518750 0.180000 0.687500 1 0.500000 0.562500 0.180000 0.625000 9 0.600000 0.531250 0.180000 0.687500 8 0.700000 0.468750 0.180000 0.762500 0
img/173_96958.png 0.295000 0.475000 0.170000 0.775000 9 0.400000 0.543750 0.180000 0.687500 6 0.505000 0.568750 0.170000 0.637500 9 0.605000 0.525000 0.170000 0.700000 5 0.705000 0.462500 0.170000 0.775000 8
img/174_60307.png 0.322500 0.325000 0.155000 0.650000 6 0.410000 0.393750 0.150000 0.762500 0 0.497500 0.512500 0.145000 0.725000 3 0.585000 0.612500 0.150000 0.675000 0 0.672500 0.681250 0.155000 0.612500 7
img/175_53844.png 0.340000 0.668750 0.140000 0.637500 5 0.420000 0.581250 0.140000 0.687500 3 0.497500 0.462500 0.135000 0.675000 8 0.575000 0.362500 0.140000 0.625000 4 0.655000 0.287500 0.140000 0.575000 4
img/176_84299.png 0.300000 0.387500 0.180000 0.775000 8 0.400000 0.462500 0.180000 0.825000 4 0.500000 0.575000 0.180000 0.750000 2 0.600000 0.643750 0.180000 0.687500 9 0.700000 0.668750 0.180000 0.637500 9
img/177_16076.png 0.290000 0.356250 0.170000 0.712500 1 0.390000 0.437500 0.180000 0.850000 6 0.492500 0.562500 0.175000 0.775000 0 0.595000 0.637500 0.180000 0.700000 7 0.700000 0.681250 0.180000 0.612500 6
img/178_30278.png 0.337500 0.700000 0.135000 0.575000 3 0.417500 0.637500 0.135000 0.650000 0 0.495000 0.537500 0.140000 0.675000 2 0.577500 0.418750 0.145000 0.687500 7 0.662500 0.325000 0.135000 0.650000 8
img/179_35356.png 0.295000 0.493750 0.170000 0.737500 3 0.395000 0.431250 0.170000 0.637500 5 0.495000 0.443750 0.170000 0.662500 3 0.595000 0.487500 0.170000 0.725000 5 0.700000 0.587500 0.180000 0.800000 6
img/180_09027.png 0.317500 0.375000 0.155000 0.750000 0 0.407500 0.475000 0.155000 0.725000 9 0.497500 0.562500 0.155000 0.675000 0 0.582500 0.606250 0.155000 0.587500 2 0.677500 0.618750 0.165000 0.562500 7
img/181_93680.png 0.315000 0.700000 0.160000 0.575000 9 0.405000 0.662500 0.160000 0.650000 3 0.500000 0.587500 0.170000 0.725000 6 0.595000 0.481250 0.160000 0.762500 8 0.685000 0.375000 0.160000 0.750000 0
img/182_89749.png 0.297500 0.368750 0.175000 0.737500 8 0.397500 0.443750 0.175000 0.862500 9 0.500000 0.568750 0.180000 0.787500 7 0.602500 0.643750 0.175000 0.687500 4 0.702500 0.687500 0.175000 0.600000 9
img/183_05775.png 0.305000 0.312500 0.160000 0.625000 0 0.400000 0.362500 0.160000 0.700000 5 0.495000 0.468750 0.170000 0.762500 7 0.595000 0.593750 0.170000 0.787500 7 0.695000 0.668750 0.160000 0.637500 5
img/184_82539.png 0.322500 0.631250 0.155000 0.712500 8 0.412500 0.543750 0.155000 0.762500 2 0.500000 0.418750 0.160000 0.712500 5 0.587500 0.343750 0.155000 0.662500 3 0.677500 0.300000 0.155000 0.600000 9
img/185_54588.png 0.325000 0.493750 0.150000 0.637500 5 0.412500 0.450000 0.155000 0.575000 4 0.500000 0.443750 0.150000 0.562500 5 0.587500 0.493750 0.155000 0.637500 8 0.675000 0.568750 0.150000 0.687500 8
img/186_79852.png 0.340000 0.306250 0.150000 0.612500 7 0.425000 0.393750 0.140000 0.687500 9 0.505000 0.512500 0.140000 0.700000 8 0.585000 0.618750 0.140000 0.662500 5 0.665000 0.693750 0.140000 0.587500 2
img/187_45250.png 0.330000 0.287500 0.150000 0.575000 4 0.415000 0.350000 0.150000 0.700000 5 0.500000 0.456250 0.150000 0.737500 2 0.585000 0.575000 0.150000 0.725000 5 0.670000 0.662500 0.150000 0.650000 0
img/188_19070.png 0.320000 0.318750 0.150000 0.637500 1 0.407500 0.393750 0.155000 0.787500 9 0.497500 0.525000 0.155000 0.750000 0 0.587500 0.625000 0.165000 0.700000 7 0.680000 0.687500 0.150000 0.600000 0
img/189_66404.png 0.297500 0.312500 0.185000 0.625000 6 0.407500 0.362500 0.185000 0.725000 6 0.510000 0.437500 0.170000 0.775000 4 0.607500 0.562500 0.175000 0.825000 0 0.707500 0.625000 0.175000 0.725000 4
img/190_85685.png 0.315000 0.337500 0.160000 0.675000 8 0.405000 0.406250 0.160000 0.787500 5 0.500000 0.550000 0.170000 0.775000 6 0.595000 0.650000 0.160000 0.675000 8 0.685000 0.700000 0.160000 0.575000 5
img/191_79143.png 0.315000 0.368750 0.170000 0.737500 7 0.412500 0.475000 0.165000 0.800000 9 0.505000 0.581250 0.160000 0.737500 1 0.597500 0.656250 0.165000 0.662500 4 0.690000 0.693750 0.160000 0.587500 3
img/192_65531.png 0.300000 0.587500 0.180000 0.725000 6 0.405000 0.625000 0.170000 0.625000 5 0.505000 0.600000 0.170000 0.675000 5 0.605000 0.543750 0.170000 0.762500 3 0.705000 0.437500 0.170000 0.800000 1
img/193_33567.png 0.290000 0.450000 0.180000 0.700000 3 0.390000 0.425000 0.180000 0.650000 3 0.490000 0.456250 0.180000 0.712500 5 0.595000 0.543750 0.190000 0.787500 6 0.705000 0.612500 0.190000 0.750000 7
img/194_35318.png 0.347500 0.693750 0.135000 0.587500 3 0.422500 0.612500 0.135000 0.650000 5 0.500000 0.512500 0.130000 0.675000 3 0.577500 0.400000 0.135000 0.650000 1 0.652500 0.306250 0.135000 0.612500 8
img/195_85913.png 0.325000 0.306250 0.150000 0.612500 8 0.412500 0.368750 0.155000 0.712500 5 0.500000 0.487500 0.150000 0.750000 9 0.587500 0.606250 0.155000 0.737500 1 0.675000 0.675000 0.150000 0.625000 3
img/196_14200.png 0.325000 0.537500 0.150000 0.675000 1 0.410000 0.456250 0.150000 0.612500 4 0.497500 0.418750 0.145000 0.537500 2 0.585000 0.437500 0.150000 0.575000 0 0.670000 0.475000 0.150000 0.625000 0
img/197_77124.png 0.295000 0.637500 0.190000 0.675000 7 0.405000 0.656250 0.190000 0.637500 7 0.510000 0.612500 0.180000 0.725000 1 0.610000 0.531250 0.180000 0.787500 2 0.710000 0.418750 0.180000 0.812500 4
img/198_86481.png 0.297500 0.606250 0.175000 0.762500 8 0.400000 0.512500 0.180000 0.825000 6 0.502500 0.400000 0.175000 0.725000 4 0.600000 0.343750 0.170000 0.662500 8 0.697500 0.318750 0.175000 0.612500 1
img/199_50402.png 0.300000 0.337500 0.180000 0.625000 5 0.400000 0.362500 0.180000 0.675000 0 0.500000 0.412500 0.180000 0.750000 4 0.600000 0.518750 0.180000 0.812500 0 0.700000 0.606250 0.180000 0.762500 2
img/200_58754.png 0.325000 0.712500 0.150000 0.550000 5 0.410000 0.675000 0.150000 0.625000 8 0.500000 0.587500 0.160000 0.700000 7 0.590000 0.481250 0.150000 0.712500 5 0.675000 0.368750 0.150000 0.712500 4
img/201_96094.png 0.320000 0.306250 0.150000 0.612500 9 0.412500 0.368750 0.165000 0.712500 6 0.502500 0.475000 0.155000 0.750000 0 0.592500 0.593750 0.155000 0.762500 9 0.680000 0.668750 0.150000 0.637500 4
img/202_24261.png 0.342500 0.706250 0.135000 0.562500 2 0.417500 0.631250 0.135000 0.637500 4 0.497500 0.531250 0.135000 0.662500 2 0.577500 0.425000 0.145000 0.675000 6 0.657500 0.312500 0.135000 0.625000 1
img/203_26947.png 0.340000 0.668750 0.130000 0.637500 2 0.420000 0.562500 0.140000 0.675000 6 0.497500 0.443750 0.135000 0.637500 9 0.572500 0.350000 0.135000 0.600000 4 0.650000 0.281250 0.140000 0.537500 7
img/204_89003.png 0.300000 0.556250 0.180000 0.737500 8 0.400000 0.600000 0.180000 0.650000 9 0.500000 0.587500 0.180000 0.675000 0 0.600000 0.531250 0.180000 0.762500 0 0.700000 0.437500 0.180000 0.800000 3
img/205_84025.png 0.332500 0.706250 0.145000 0.562500 8 0.415000 0.656250 0.140000 0.637500 4 0.497500 0.568750 0.145000 0.687500 0 0.580000 0.462500 0.140000 0.700000 2 0.662500 0.350000 0.145000 0.700000 5
img/206_14397.png 0.345000 0.687500 0.130000 0.600000 1 0.420000 0.600000 0.130000 0.650000 4 0.495000 0.487500 0.130000 0.650000 3 0.570000 0.387500 0.130000 0.625000 9 0.650000 0.300000 0.140000 0.575000 7
img/207_04743.png 0.325000 0.700000 0.150000 0.575000 0 0.410000 0.650000 0.150000 0.650000 4 0.500000 0.550000 0.160000 0.700000 7 0.590000 0.437500 0.150000 0.725000 4 0.675000 0.343750 0.150000 0.687500 3
img/208_73542.png 0.300000 0.431250 0.180000 0.812500 7 0.405000 0.537500 0.170000 0.725000 3 0.505000 0.581250 0.170000 0.637500 5 0.605000 0.568750 0.170000 0.662500 4 0.705000 0.512500 0.170000 0.725000 2
img/209_54837.png 0.322500 0.712500 0.155000 0.550000 5 0.410000 0.675000 0.150000 0.625000 4 0.495000 0.612500 0.150000 0.700000 8 0.582500 0.506250 0.155000 0.737500 3 0.675000 0.381250 0.160000 0.737500 7
img/210_93389.png 0.300000 0.518750 0.180000 0.737500 9 0.400000 0.468750 0.180000 0.662500 3 0.500000 0.468750 0.180000 0.662500 3 0.600000 0.518750 0.180000 0.737500 8 0.700000 0.600000 0.180000 0.775000 9
img/211_01084.png 0.330000 0.312500 0.150000 0.625000 0 0.415000 0.375000 0.150000 0.725000 1 0.500000 0.506250 0.150000 0.737500 0 0.585000 0.625000 0.150000 0.725000 8 0.670000 0.687500 0.150000 0.600000 4
img/212_53687.png 0.312500 0.331250 0.155000 0.662500 5 0.402500 0.418750 0.155000 0.787500 3 0.497500 0.550000 0.165000 0.775000 6 0.587500 0.650000 0.155000 0.675000 8 0.682500 0.700000 0.165000 0.575000 7
img/213_61022.png 0.312500 0.612500 0.175000 0.750000 6 0.412500 0.518750 0.165000 0.787500 1 0.502500 0.418750 0.165000 0.737500 0 0.597500 0.337500 0.165000 0.650000 2 0.692500 0.306250 0.165000 0.587500 2
img/214_24909.png 0.300000 0.650000 0.180000 0.650000 2 0.400000 0.650000 0.180000 0.650000 4 0.500000 0.606250 0.180000 0.737500 9 0.600000 0.525000 0.180000 0.800000 0 0.700000 0.412500 0.180000 0.825000 9
img/215_73203.png 0.330000 0.312500 0.160000 0.625000 7 0.420000 0.393750 0.150000 0.712500 3 0.505000 0.500000 0.150000 0.725000 2 0.590000 0.625000 0.150000 0.725000 0 0.675000 0.687500 0.150000 0.600000 3
img/216_14936.png 0.320000 0.712500 0.150000 0.550000 1 0.407500 0.675000 0.155000 0.625000 4 0.497500 0.612500 0.155000 0.700000 9 0.582500 0.512500 0.155000 0.725000 3 0.675000 0.393750 0.160000 0.762500 6
img/217_60325.png 0.300000 0.550000 0.180000 0.750000 6 0.405000 0.606250 0.170000 0.662500 0 0.505000 0.606250 0.170000 0.662500 3 0.605000 0.550000 0.170000 0.725000 2 0.705000 0.462500 0.170000 0.775000 5
img/218_00318.png 0.332500 0.312500 0.145000 0.625000 0 0.415000 0.381250 0.150000 0.737500 0 0.500000 0.506250 0.150000 0.737500 3 0.585000 0.612500 0.150000 0.700000 1 0.667500 0.687500 0.145000 0.600000 8
img/219_39842.png 0.305000 0.593750 0.170000 0.787500 3 0.400000 0.487500 0.170000 0.800000 9 0.497500 0.387500 0.165000 0.725000 8 0.595000 0.325000 0.170000 0.650000 4 0.690000 0.306250 0.170000 0.612500 2
img/220_74133.png 0.300000 0.487500 0.180000 0.775000 7 0.405000 0.556250 0.170000 0.662500 4 0.505000 0.575000 0.170000 0.625000 1 0.605000 0.543750 0.170000 0.712500 3 0.705000 0.475000 0.170000 0.775000 3
img/221_63847.png 0.317500 0.325000 0.165000 0.600000 6 0.407500 0.375000 0.155000 0.675000 3 0.497500 0.468750 0.155000 0.737500 8 0.587500 0.575000 0.155000 0.750000 4 0.677500 0.656250 0.165000 0.662500 7
img/222_86186.png 0.300000 0.612500 0.170000 0.750000 8 0.400000 0.518750 0.180000 0.812500 6 0.500000 0.400000 0.170000 0.725000 1 0.595000 0.343750 0.170000 0.662500 8 0.695000 0.312500 0.180000 0.600000 6
img/223_68444.png 0.325000 0.556250 0.160000 0.687500 6 0.417500 0.487500 0.155000 0.600000 8 0.505000 0.456250 0.150000 0.537500 4 0.590000 0.487500 0.150000 0.600000 4 0.677500 0.537500 0.155000 0.650000 4
img/224_74813.png 0.297500 0.518750 0.185000 0.762500 7 0.402500 0.456250 0.175000 0.662500 4 0.502500 0.456250 0.175000 0.662500 8 0.602500 0.493750 0.175000 0.712500 1 0.702500 0.581250 0.175000 0.787500 3
img/225_01612.png 0.337500 0.675000 0.135000 0.625000 0 0.417500 0.587500 0.135000 0.700000 1 0.500000 0.468750 0.150000 0.687500 6 0.582500 0.356250 0.135000 0.637500 1 0.662500 0.287500 0.135000 0.575000 2
img/226_47533.png 0.307500 0.300000 0.165000 0.600000 4 0.407500 0.381250 0.175000 0.762500 7 0.502500 0.487500 0.165000 0.800000 5 0.597500 0.612500 0.165000 0.750000 3 0.692500 0.668750 0.165000 0.637500 3
img/227_39960.png 0.295000 0.468750 0.170000 0.737500 3 0.395000 0.425000 0.170000 0.650000 9 0.495000 0.437500 0.170000 0.675000 9 0.600000 0.493750 0.180000 0.762500 6 0.705000 0.587500 0.170000 0.800000 0
img/228_25958.png 0.315000 0.300000 0.160000 0.600000 2 0.407500 0.356250 0.155000 0.687500 5 0.497500 0.450000 0.155000 0.750000 9 0.587500 0.568750 0.155000 0.762500 5 0.680000 0.643750 0.160000 0.687500 8
img/229_35232.png 0.300000 0.518750 0.180000 0.762500 3 0.400000 0.450000 0.180000 0.675000 5 0.500000 0.431250 0.180000 0.637500 2 0.600000 0.481250 0.180000 0.712500 3 0.700000 0.550000 0.180000 0.775000 2
img/230_21258.png 0.340000 0.656250 0.140000 0.662500 2 0.420000 0.543750 0.140000 0.687500 1 0.497500 0.431250 0.135000 0.662500 2 0.575000 0.343750 0.140000 0.612500 5 0.655000 0.281250 0.140000 0.562500 8
img/231_61900.png 0.312500 0.306250 0.175000 0.612500 6 0.412500 0.350000 0.165000 0.700000 1 0.502500 0.450000 0.165000 0.775000 9 0.597500 0.568750 0.165000 0.812500 0 0.692500 0.637500 0.165000 0.700000 0
img/232_27468.png 0.327500 0.293750 0.145000 0.587500 2 0.410000 0.368750 0.150000 0.712500 7 0.497500 0.487500 0.145000 0.700000 4 0.585000 0.618750 0.150000 0.712500 6 0.667500 0.687500 0.145000 0.600000 8
img/233_57459.png 0.295000 0.387500 0.170000 0.775000 5 0.400000 0.481250 0.180000 0.787500 7 0.505000 0.562500 0.170000 0.700000 4 0.605000 0.600000 0.170000 0.625000 5 0.705000 0.581250 0.170000 0.687500 9
img/234_94478.png 0.315000 0.700000 0.160000 0.575000 9 0.405000 0.662500 0.160000 0.650000 4 0.495000 0.587500 0.160000 0.700000 4 0.590000 0.475000 0.170000 0.750000 7 0.685000 0.368750 0.160000 0.737500 8
img/235_27668.png 0.315000 0.306250 0.150000 0.562500 2 0.405000 0.356250 0.160000 0.637500 7 0.500000 0.456250 0.160000 0.712500 6 0.595000 0.568750 0.160000 0.737500 6 0.685000 0.656250 0.150000 0.662500 8
img/236_28692.png 0.342500 0.662500 0.135000 0.650000 2 0.417500 0.562500 0.135000 0.675000 8 0.500000 0.450000 0.140000 0.675000 6 0.582500 0.343750 0.135000 0.612500 9 0.657500 0.275000 0.135000 0.550000 2
img/237_71178.png 0.300000 0.393750 0.180000 0.787500 7 0.402500 0.500000 0.175000 0.775000 1 0.500000 0.587500 0.170000 0.700000 1 0.602500 0.637500 0.185000 0.625000 7 0.705000 0.643750 0.170000 0.637500 8
img/238_73188.png 0.342500 0.687500 0.145000 0.600000 7 0.422500 0.612500 0.135000 0.675000 3 0.502500 0.493750 0.135000 0.662500 1 0.577500 0.393750 0.135000 0.662500 8 0.657500 0.306250 0.135000 0.612500 8
img/239_53766.png 0.285000 0.400000 0.170000 0.800000 5 0.385000 0.506250 0.170000 0.762500 3 0.490000 0.556250 0.180000 0.662500 7 0.600000 0.575000 0.180000 0.650000 6 0.710000 0.531250 0.180000 0.737500 6
img/240_91331.png 0.320000 0.662500 0.160000 0.600000 9 0.410000 0.650000 0.160000 0.600000 1 0.500000 0.606250 0.160000 0.687500 3 0.590000 0.518750 0.160000 0.737500 3 0.680000 0.412500 0.160000 0.750000 1
img/241_07676.png 0.307500 0.643750 0.155000 0.687500 0 0.397500 0.543750 0.165000 0.762500 7 0.495000 0.425000 0.160000 0.725000 6 0.592500 0.331250 0.165000 0.637500 7 0.690000 0.287500 0.160000 0.575000 6
img/242_08166.png 0.290000 0.531250 0.180000 0.762500 0 0.390000 0.468750 0.180000 0.687500 8 0.490000 0.443750 0.180000 0.637500 1 0.595000 0.500000 0.190000 0.725000 6 0.705000 0.581250 0.190000 0.787500 6
img/243_73231.png 0.300000 0.543750 0.180000 0.787500 7 0.405000 0.475000 0.170000 0.700000 3 0.505000 0.437500 0.170000 0.625000 2 0.605000 0.475000 0.170000 0.700000 3 0.705000 0.537500 0.170000 0.750000 1
img/244_83724.png 0.315000 0.306250 0.160000 0.612500 8 0.405000 0.362500 0.160000 0.700000 3 0.500000 0.462500 0.170000 0.750000 7 0.595000 0.581250 0.160000 0.762500 2 0.685000 0.656250 0.160000 0.662500 4
img/245_02656.png 0.290000 0.381250 0.180000 0.662500 0 0.390000 0.375000 0.180000 0.650000 2 0.495000 0.437500 0.190000 0.750000 6 0.600000 0.518750 0.180000 0.787500 5 0.705000 0.606250 0.190000 0.762500 6
img/246_21656.png 0.312500 0.300000 0.155000 0.600000 2 0.402500 0.356250 0.155000 0.687500 1 0.497500 0.462500 0.165000 0.750000 6 0.587500 0.581250 0.155000 0.762500 5 0.682500 0.656250 0.165000 0.662500 6
img/247_52919.png 0.320000 0.700000 0.160000 0.575000 5 0.410000 0.656250 0.160000 0.662500 2 0.500000 0.587500 0.160000 0.725000 9 0.590000 0.475000 0.160000 0.750000 1 0.680000 0.368750 0.160000 0.737500 9
img/248_04315.png 0.322500 0.612500 0.155000 0.750000 0 0.412500 0.500000 0.155000 0.725000 4 0.500000 0.412500 0.160000 0.675000 3 0.587500 0.356250 0.155000 0.587500 1 0.677500 0.343750 0.155000 0.562500 5
img/249_18619.png 0.317500 0.362500 0.155000 0.725000 1 0.402500 0.468750 0.155000 0.737500 8 0.497500 0.562500 0.165000 0.675000 6 0.592500 0.618750 0.155000 0.587500 1 0.677500 0.643750 0.155000 0.562500 9
img/250_09676.png 0.312500 0.712500 0.155000 0.550000 0 0.397500 0.681250 0.155000 0.612500 9 0.492500 0.612500 0.165000 0.700000 6 0.587500 0.506250 0.165000 0.737500 7 0.685000 0.387500 0.160000 0.750000 6
img/251_50579.png 0.305000 0.693750 0.170000 0.587500 5 0.400000 0.662500 0.170000 0.650000 0 0.495000 0.600000 0.170000 0.725000 5 0.595000 0.493750 0.180000 0.787500 7 0.695000 0.387500 0.170000 0.775000 9
img/252_75474.png 0.295000 0.468750 0.190000 0.787500 7 0.400000 0.556250 0.180000 0.687500 5 0.500000 0.587500 0.180000 0.625000 4 0.605000 0.550000 0.190000 0.700000 7 0.710000 0.481250 0.180000 0.762500 4
img/253_19475.png 0.345000 0.687500 0.130000 0.600000 1 0.420000 0.600000 0.130000 0.650000 9 0.495000 0.487500 0.130000 0.650000 4 0.575000 0.375000 0.140000 0.625000 7 0.655000 0.287500 0.130000 0.575000 5
img/254_74952.png 0.300000 0.568750 0.180000 0.712500 7 0.405000 0.612500 0.170000 0.625000 4 0.505000 0.593750 0.170000 0.687500 9 0.605000 0.525000 0.170000 0.750000 5 0.705000 0.425000 0.170000 0.800000 2
img/255_38041.png 0.330000 0.306250 0.150000 0.612500 3 0.412500 0.375000 0.145000 0.725000 8 0.497500 0.500000 0.145000 0.725000 0 0.582500 0.612500 0.145000 0.700000 4 0.665000 0.687500 0.150000 0.600000 1
img/256_97796.png 0.307500 0.381250 0.155000 0.762500 9 0.400000 0.487500 0.160000 0.700000 7 0.497500 0.568750 0.165000 0.612500 7 0.592500 0.606250 0.155000 0.562500 9 0.682500 0.581250 0.165000 0.612500 6
img/257_53746.png 0.292500 0.668750 0.175000 0.637500 5 0.390000 0.675000 0.170000 0.625000 3 0.492500 0.618750 0.185000 0.712500 7 0.595000 0.537500 0.170000 0.775000 4 0.697500 0.425000 0.185000 0.825000 6
img/258_62927.png 0.325000 0.643750 0.160000 0.687500 6 0.415000 0.543750 0.150000 0.737500 2 0.500000 0.437500 0.150000 0.700000 9 0.585000 0.343750 0.150000 0.637500 2 0.675000 0.293750 0.160000 0.562500 7
img/259_10377.png 0.322500 0.718750 0.145000 0.537500 1 0.407500 0.681250 0.145000 0.612500 0 0.487500 0.606250 0.145000 0.687500 3 0.577500 0.493750 0.155000 0.712500 7 0.667500 0.368750 0.155000 0.712500 7
img/260_52585.png 0.300000 0.568750 0.180000 0.837500 5 0.400000 0.462500 0.180000 0.750000 2 0.500000 0.400000 0.180000 0.675000 5 0.600000 0.381250 0.180000 0.637500 8 0.700000 0.406250 0.180000 0.687500 5
img/261_82142.png 0.332500 0.306250 0.145000 0.612500 8 0.415000 0.375000 0.140000 0.700000 2 0.497500 0.493750 0.145000 0.712500 1 0.580000 0.612500 0.140000 0.700000 4 0.662500 0.687500 0.145000 0.600000 2
img/262_40529.png 0.300000 0.468750 0.180000 0.762500 4 0.400000 0.543750 0.180000 0.687500 0 0.500000 0.562500 0.180000 0.625000 5 0.600000 0.531250 0.180000 0.687500 2 0.700000 0.468750 0.180000 0.762500 9
img/263_91234.png 0.322500 0.306250 0.155000 0.612500 9 0.412500 0.362500 0.155000 0.700000 1 0.500000 0.468750 0.150000 0.737500 2 0.587500 0.600000 0.155000 0.750000 3 0.677500 0.668750 0.155000 0.637500 4
img/264_54502.png 0.300000 0.381250 0.180000 0.662500 5 0.400000 0.368750 0.180000 0.637500 4 0.500000 0.418750 0.180000 0.712500 5 0.600000 0.506250 0.180000 0.787500 0 0.700000 0.593750 0.180000 0.787500 2
img/265_31968.png 0.345000 0.700000 0.130000 0.575000 3 0.420000 0.618750 0.130000 0.637500 1 0.497500 0.518750 0.135000 0.662500 9 0.575000 0.406250 0.140000 0.662500 6 0.655000 0.306250 0.130000 0.612500 8
img/266_26851.png 0.295000 0.500000 0.170000 0.750000 2 0.400000 0.568750 0.180000 0.687500 6 0.505000 0.581250 0.170000 0.662500 8 0.605000 0.531250 0.170000 0.712500 5 0.705000 0.450000 0.170000 0.775000 1
img/267_78982.png 0.340000 0.662500 0.150000 0.650000 7 0.422500 0.568750 0.145000 0.712500 8 0.505000 0.456250 0.140000 0.687500 9 0.585000 0.362500 0.140000 0.650000 8 0.665000 0.287500 0.140000 0.575000 2
img/268_90655.png 0.295000 0.512500 0.170000 0.750000 9 0.395000 0.456250 0.170000 0.662500 0 0.500000 0.456250 0.180000 0.662500 6 0.605000 0.500000 0.170000 0.725000 5 0.705000 0.587500 0.170000 0.775000 5
img/269_72940.png 0.305000 0.600000 0.180000 0.775000 7 0.405000 0.506250 0.170000 0.787500 2 0.502500 0.406250 0.165000 0.737500 9 0.600000 0.337500 0.170000 0.650000 4 0.695000 0.318750 0.170000 0.612500 0
img/270_92527.png 0.350000 0.706250 0.130000 0.562500 9 0.422500 0.631250 0.125000 0.612500 2 0.495000 0.531250 0.130000 0.637500 5 0.570000 0.425000 0.130000 0.625000 2 0.647500 0.318750 0.135000 0.612500 7
img/271_07605.png 0.307500 0.337500 0.155000 0.600000 0 0.402500 0.381250 0.165000 0.662500 7 0.502500 0.475000 0.165000 0.750000 6 0.597500 0.593750 0.155000 0.762500 0 0.687500 0.656250 0.155000 0.662500 5
img/272_19369.png 0.325000 0.375000 0.150000 0.725000 1 0.410000 0.487500 0.150000 0.675000 9 0.495000 0.556250 0.150000 0.612500 3 0.585000 0.587500 0.160000 0.550000 6 0.675000 0.568750 0.150000 0.587500 9
img/273_33089.png 0.332500 0.700000 0.145000 0.575000 3 0.415000 0.643750 0.140000 0.662500 3 0.497500 0.550000 0.145000 0.700000 0 0.580000 0.443750 0.140000 0.712500 8 0.662500 0.337500 0.145000 0.675000 9
img/274_58110.png 0.302500 0.362500 0.175000 0.725000 5 0.400000 0.443750 0.170000 0.837500 8 0.497500 0.556250 0.175000 0.762500 1 0.595000 0.637500 0.170000 0.700000 1 0.692500 0.681250 0.175000 0.612500 0
img/275_77424.png 0.307500 0.600000 0.175000 0.775000 7 0.412500 0.493750 0.175000 0.787500 7 0.507500 0.381250 0.165000 0.712500 4 0.602500 0.318750 0.165000 0.637500 2 0.697500 0.293750 0.165000 0.587500 4
img/276_64734.png 0.295000 0.543750 0.190000 0.787500 6 0.400000 0.468750 0.180000 0.662500 4 0.505000 0.450000 0.190000 0.625000 7 0.610000 0.493750 0.180000 0.712500 3 0.710000 0.568750 0.180000 0.762500 4
img/277_20861.png 0.337500 0.656250 0.135000 0.662500 2 0.417500 0.556250 0.135000 0.687500 0 0.492500 0.443750 0.135000 0.662500 8 0.575000 0.350000 0.140000 0.625000 6 0.657500 0.281250 0.135000 0.537500 1
img/278_93299.png 0.300000 0.568750 0.180000 0.837500 9 0.400000 0.456250 0.180000 0.787500 3 0.500000 0.381250 0.180000 0.687500 2 0.600000 0.356250 0.180000 0.637500 9 0.700000 0.387500 0.180000 0.700000 9
img/279_96750.png 0.290000 0.375000 0.180000 0.750000 9 0.395000 0.456250 0.190000 0.862500 6 0.505000 0.568750 0.190000 0.762500 7 0.610000 0.637500 0.180000 0.675000 5 0.710000 0.675000 0.180000 0.625000 0
img/280_00962.png 0.325000 0.643750 0.150000 0.687500 0 0.410000 0.562500 0.150000 0.750000 0 0.495000 0.443750 0.150000 0.712500 9 0.585000 0.356250 0.160000 0.662500 6 0.675000 0.293750 0.150000 0.562500 2
img/281_79253.png 0.322500 0.543750 0.165000 0.687500 7 0.415000 0.475000 0.150000 0.600000 9 0.502500 0.443750 0.155000 0.537500 2 0.590000 0.468750 0.150000 0.587500 5 0.677500 0.531250 0.155000 0.662500 3
img/282_88278.png 0.320000 0.600000 0.150000 0.600000 8 0.405000 0.618750 0.150000 0.562500 8 0.492500 0.581250 0.155000 0.612500 2 0.585000 0.512500 0.160000 0.675000 7 0.675000 0.418750 0.150000 0.712500 8
img/283_49435.png 0.307500 0.568750 0.165000 0.762500 4 0.402500 0.493750 0.165000 0.687500 9 0.497500 0.437500 0.165000 0.600000 4 0.592500 0.456250 0.165000 0.637500 3 0.687500 0.506250 0.165000 0.687500 5
img/284_04069.png 0.295000 0.562500 0.170000 0.800000 0 0.395000 0.475000 0.170000 0.700000 4 0.495000 0.443750 0.170000 0.637500 0 0.600000 0.468750 0.180000 0.687500 6 0.705000 0.531250 0.170000 0.762500 9
img/285_00891.png 0.330000 0.343750 0.150000 0.562500 0 0.415000 0.375000 0.150000 0.625000 0 0.500000 0.443750 0.150000 0.687500 8 0.585000 0.537500 0.150000 0.725000 9 0.670000 0.637500 0.150000 0.700000 1
img/286_21768.png 0.295000 0.587500 0.170000 0.800000 2 0.390000 0.475000 0.170000 0.775000 1 0.492500 0.381250 0.175000 0.712500 7 0.600000 0.331250 0.180000 0.637500 6 0.700000 0.331250 0.170000 0.637500 8
img/287_24115.png 0.342500 0.706250 0.135000 0.562500 2 0.420000 0.631250 0.140000 0.637500 4 0.497500 0.531250 0.135000 0.662500 1 0.575000 0.418750 0.140000 0.662500 1 0.652500 0.318750 0.135000 0.637500 5
img/288_13967.png 0.320000 0.512500 0.150000 0.650000 1 0.405000 0.568750 0.150000 0.587500 3 0.490000 0.581250 0.150000 0.562500 9 0.580000 0.543750 0.160000 0.612500 6 0.672500 0.462500 0.155000 0.675000 7
img/289_97819.png 0.320000 0.362500 0.150000 0.725000 9 0.412500 0.468750 0.155000 0.712500 7 0.500000 0.575000 0.150000 0.650000 8 0.585000 0.625000 0.150000 0.575000 1 0.675000 0.643750 0.150000 0.537500 9
img/290_95472.png 0.295000 0.537500 0.170000 0.750000 9 0.395000 0.587500 0.170000 0.650000 5 0.495000 0.587500 0.170000 0.650000 4 0.600000 0.537500 0.180000 0.725000 7 0.705000 0.450000 0.170000 0.775000 2
img/291_69712.png 0.337500 0.681250 0.145000 0.612500 6 0.420000 0.606250 0.140000 0.687500 9 0.502500 0.475000 0.145000 0.675000 7 0.582500 0.368750 0.135000 0.637500 1 0.660000 0.287500 0.140000 0.575000 2
img/292_14308.png 0.300000 0.631250 0.180000 0.662500 1 0.400000 0.637500 0.180000 0.650000 4 0.500000 0.600000 0.180000 0.725000 3 0.600000 0.512500 0.180000 0.800000 0 0.700000 0.406250 0.180000 0.812500 8
img/293_94540.png 0.310000 0.318750 0.170000 0.637500 9 0.405000 0.362500 0.170000 0.700000 4 0.500000 0.450000 0.170000 0.750000 5 0.595000 0.562500 0.170000 0.800000 4 0.690000 0.637500 0.170000 0.700000 0
img/294_28380.png 0.315000 0.306250 0.160000 0.612500 2 0.407500 0.368750 0.165000 0.712500 8 0.500000 0.456250 0.160000 0.762500 3 0.592500 0.568750 0.165000 0.787500 8 0.685000 0.643750 0.160000 0.687500 0
img/295_48896.png 0.330000 0.718750 0.140000 0.537500 4 0.412500 0.675000 0.145000 0.625000 8 0.492500 0.593750 0.145000 0.687500 8 0.575000 0.475000 0.140000 0.700000 9 0.660000 0.362500 0.150000 0.700000 6
img/296_83263.png 0.295000 0.481250 0.170000 0.737500 8 0.395000 0.437500 0.170000 0.650000 3 0.495000 0.443750 0.170000 0.662500 2 0.600000 0.506250 0.180000 0.762500 6 0.705000 0.593750 0.170000 0.787500 3
img/297_72548.png 0.300000 0.406250 0.180000 0.812500 7 0.405000 0.506250 0.170000 0.787500 2 0.505000 0.593750 0.170000 0.712500 5 0.605000 0.637500 0.170000 0.625000 4 0.705000 0.631250 0.170000 0.662500 8
img/298_84141.png 0.342500 0.675000 0.135000 0.625000 8 0.420000 0.581250 0.140000 0.687500 4 0.500000 0.462500 0.140000 0.675000 1 0.580000 0.362500 0.140000 0.625000 4 0.657500 0.293750 0.135000 0.587500 1
img/299_52107.png 0.297500 0.368750 0.175000 0.737500 5 0.397500 0.456250 0.175000 0.837500 2 0.495000 0.575000 0.170000 0.775000 1 0.592500 0.643750 0.175000 0.687500 0 0.697500 0.687500 0.185000 0.600000 7
img/300_56377.png 0.320000 0.643750 0.140000 0.687500 5 0.407500 0.543750 0.155000 0.737500 6 0.492500 0.425000 0.145000 0.675000 3 0.580000 0.331250 0.150000 0.612500 7 0.670000 0.281250 0.150000 0.537500 7
img/301_81736.png 0.310000 0.306250 0.160000 0.612500 8 0.400000 0.356250 0.160000 0.687500 1 0.495000 0.456250 0.170000 0.737500 7 0.590000 0.581250 0.160000 0.762500 3 0.685000 0.650000 0.170000 0.675000 6
img/302_12411.png 0.322500 0.287500 0.155000 0.575000 1 0.410000 0.343750 0.150000 0.687500 2 0.497500 0.443750 0.155000 0.737500 4 0.585000 0.562500 0.150000 0.750000 1 0.672500 0.656250 0.155000 0.662500 1
img/303_41495.png 0.305000 0.343750 0.170000 0.687500 4 0.402500 0.406250 0.175000 0.812500 1 0.500000 0.512500 0.170000 0.775000 4 0.597500 0.606250 0.175000 0.712500 9 0.695000 0.643750 0.170000 0.637500 5
img/304_46682.png 0.290000 0.518750 0.180000 0.762500 4 0.395000 0.456250 0.190000 0.687500 6 0.505000 0.443750 0.190000 0.662500 6 0.610000 0.487500 0.180000 0.725000 8 0.710000 0.562500 0.180000 0.775000 2
img/305_67974.png 0.302500 0.581250 0.175000 0.787500 6 0.405000 0.481250 0.180000 0.687500 7 0.505000 0.431250 0.170000 0.612500 9 0.602500 0.443750 0.175000 0.637500 7 0.702500 0.500000 0.165000 0.700000 4
img/306_51480.png 0.300000 0.406250 0.180000 0.812500 5 0.400000 0.506250 0.180000 0.737500 1 0.500000 0.556250 0.180000 0.637500 4 0.600000 0.562500 0.180000 0.650000 8 0.700000 0.525000 0.180000 0.725000 0
img/307_51641.png 0.302500 0.356250 0.165000 0.712500 5 0.397500 0.431250 0.165000 0.812500 1 0.497500 0.562500 0.175000 0.775000 6 0.597500 0.643750 0.165000 0.687500 4 0.692500 0.687500 0.165000 0.600000 1
img/308_09089.png 0.300000 0.375000 0.180000 0.625000 0 0.400000 0.406250 0.180000 0.687500 9 0.500000 0.475000 0.180000 0.775000 0 0.600000 0.575000 0.180000 0.825000 8 0.700000 0.631250 0.180000 0.712500 9
img/309_77184.png 0.295000 0.562500 0.190000 0.825000 7 0.405000 0.456250 0.190000 0.737500 7 0.510000 0.406250 0.180000 0.637500 1 0.610000 0.412500 0.180000 0.650000 8 0.710000 0.456250 0.180000 0.712500 4
img/310_91166.png 0.305000 0.600000 0.160000 0.675000 9 0.397500 0.631250 0.165000 0.587500 1 0.490000 0.612500 0.160000 0.625000 1 0.587500 0.568750 0.175000 0.712500 6 0.690000 0.468750 0.170000 0.762500 6
img/311_74160.png 0.295000 0.518750 0.190000 0.762500 7 0.400000 0.456250 0.180000 0.662500 4 0.500000 0.450000 0.180000 0.650000 1 0.605000 0.506250 0.190000 0.737500 6 0.710000 0.593750 0.180000 0.787500 0
img/312_47972.png 0.335000 0.706250 0.140000 0.562500 4 0.417500 0.637500 0.145000 0.675000 7 0.500000 0.531250 0.140000 0.687500 9 0.582500 0.406250 0.145000 0.687500 7 0.665000 0.306250 0.140000 0.612500 2
img/313_27385.png 0.295000 0.487500 0.170000 0.725000 2 0.400000 0.443750 0.180000 0.637500 7 0.505000 0.462500 0.170000 0.675000 3 0.605000 0.525000 0.170000 0.750000 8 0.705000 0.600000 0.170000 0.775000 5
img/314_68652.png 0.305000 0.587500 0.180000 0.800000 6 0.405000 0.487500 0.170000 0.750000 8 0.505000 0.406250 0.180000 0.687500 6 0.605000 0.362500 0.170000 0.600000 5 0.700000 0.381250 0.170000 0.637500 2
img/315_96869.png 0.302500 0.318750 0.165000 0.637500 9 0.400000 0.387500 0.170000 0.750000 6 0.497500 0.500000 0.165000 0.775000 8 0.595000 0.606250 0.170000 0.762500 6 0.692500 0.681250 0.165000 0.612500 9
img/316_56414.png 0.292500 0.350000 0.175000 0.625000 5 0.397500 0.375000 0.185000 0.675000 6 0.502500 0.431250 0.175000 0.737500 4 0.602500 0.518750 0.175000 0.787500 1 0.702500 0.612500 0.175000 0.750000 4
img/317_20661.png 0.310000 0.600000 0.160000 0.775000 2 0.400000 0.493750 0.160000 0.762500 0 0.495000 0.387500 0.170000 0.700000 6 0.595000 0.325000 0.170000 0.625000 6 0.690000 0.300000 0.160000 0.575000 1
img/318_70439.png 0.300000 0.412500 0.180000 0.825000 7 0.405000 0.525000 0.170000 0.775000 0 0.505000 0.581250 0.170000 0.687500 4 0.605000 0.618750 0.170000 0.637500 3 0.705000 0.587500 0.170000 0.700000 9
img/319_89261.png 0.337500 0.681250 0.135000 0.612500 8 0.415000 0.600000 0.140000 0.700000 9 0.492500 0.475000 0.135000 0.675000 2 0.577500 0.375000 0.145000 0.650000 6 0.657500 0.287500 0.135000 0.575000 1
img/320_81872.png 0.295000 0.468750 0.170000 0.737500 8 0.395000 0.418750 0.170000 0.637500 1 0.495000 0.437500 0.170000 0.675000 8 0.600000 0.487500 0.180000 0.750000 7 0.705000 0.581250 0.170000 0.787500 2
img/321_37973.png 0.340000 0.700000 0.130000 0.575000 3 0.420000 0.612500 0.140000 0.650000 7 0.497500 0.506250 0.135000 0.662500 9 0.575000 0.387500 0.140000 0.650000 7 0.655000 0.300000 0.130000 0.600000 3
img/322_14692.png 0.310000 0.700000 0.160000 0.575000 1 0.405000 0.662500 0.160000 0.650000 4 0.500000 0.587500 0.170000 0.750000 6 0.595000 0.475000 0.160000 0.775000 9 0.690000 0.368750 0.160000 0.737500 2
img/323_08376.png 0.295000 0.675000 0.170000 0.625000 0 0.390000 0.675000 0.170000 0.625000 8 0.487500 0.631250 0.165000 0.712500 3 0.590000 0.537500 0.180000 0.775000 7 0.695000 0.418750 0.180000 0.812500 6
img/324_40589.png 0.315000 0.693750 0.160000 0.587500 4 0.405000 0.656250 0.160000 0.662500 0 0.497500 0.581250 0.165000 0.712500 5 0.590000 0.481250 0.160000 0.762500 8 0.680000 0.375000 0.160000 0.750000 9
img/325_90214.png 0.322500 0.462500 0.155000 0.700000 9 0.412500 0.537500 0.155000 0.625000 0 0.500000 0.562500 0.150000 0.550000 2 0.587500 0.537500 0.155000 0.600000 1 0.677500 0.481250 0.155000 0.662500 4
img/326_78569.png 0.310000 0.368750 0.170000 0.737500 7 0.410000 0.475000 0.160000 0.800000 8 0.500000 0.581250 0.160000 0.737500 5 0.595000 0.662500 0.170000 0.650000 6 0.695000 0.700000 0.160000 0.575000 9
img/327_04545.png 0.347500 0.700000 0.135000 0.575000 0 0.425000 0.625000 0.130000 0.650000 4 0.500000 0.512500 0.130000 0.650000 5 0.575000 0.406250 0.130000 0.637500 4 0.652500 0.306250 0.135000 0.612500 5
img/328_38875.png 0.350000 0.700000 0.130000 0.575000 3 0.422500 0.612500 0.125000 0.650000 8 0.495000 0.512500 0.130000 0.650000 8 0.572500 0.393750 0.135000 0.637500 7 0.650000 0.300000 0.130000 0.575000 5
img/329_41023.png 0.325000 0.600000 0.150000 0.725000 4 0.410000 0.500000 0.150000 0.675000 1 0.497500 0.443750 0.155000 0.612500 0 0.585000 0.406250 0.150000 0.537500 2 0.670000 0.437500 0.150000 0.600000 3
img/330_10835.png 0.312500 0.556250 0.165000 0.762500 1 0.407500 0.462500 0.165000 0.700000 0 0.500000 0.418750 0.160000 0.612500 8 0.592500 0.418750 0.165000 0.612500 3 0.687500 0.450000 0.165000 0.675000 5
img/331_61772.png 0.290000 0.381250 0.180000 0.762500 6 0.395000 0.450000 0.170000 0.800000 1 0.500000 0.531250 0.180000 0.712500 7 0.610000 0.575000 0.180000 0.625000 7 0.715000 0.556250 0.170000 0.662500 2
img/332_45213.png 0.330000 0.668750 0.150000 0.637500 4 0.415000 0.593750 0.150000 0.737500 5 0.500000 0.468750 0.150000 0.712500 2 0.585000 0.368750 0.150000 0.662500 1 0.670000 0.306250 0.150000 0.612500 3
img/333_90445.png 0.300000 0.400000 0.180000 0.800000 9 0.400000 0.493750 0.180000 0.812500 0 0.500000 0.575000 0.180000 0.725000 4 0.600000 0.618750 0.180000 0.637500 4 0.700000 0.618750 0.180000 0.637500 5
img/334_77717.png 0.297500 0.581250 0.175000 0.812500 7 0.400000 0.462500 0.180000 0.725000 7 0.505000 0.393750 0.180000 0.637500 7 0.605000 0.375000 0.170000 0.600000 1 0.702500 0.418750 0.175000 0.662500 7
img/335_57787.png 0.285000 0.493750 0.170000 0.737500 5 0.390000 0.443750 0.180000 0.637500 7 0.500000 0.462500 0.180000 0.675000 7 0.605000 0.525000 0.170000 0.750000 8 0.710000 0.600000 0.180000 0.775000 7
img/336_98157.png 0.295000 0.400000 0.170000 0.800000 9 0.395000 0.493750 0.170000 0.787500 8 0.495000 0.556250 0.170000 0.687500 1 0.595000 0.587500 0.170000 0.625000 5 0.700000 0.556250 0.180000 0.687500 7
img/337_34999.png 0.310000 0.593750 0.170000 0.787500 3 0.405000 0.481250 0.170000 0.787500 4 0.500000 0.387500 0.170000 0.725000 9 0.595000 0.325000 0.170000 0.650000 9 0.690000 0.306250 0.170000 0.612500 9
img/338_91167.png 0.342500 0.681250 0.125000 0.612500 9 0.415000 0.581250 0.130000 0.637500 1 0.490000 0.475000 0.130000 0.625000 1 0.567500 0.375000 0.135000 0.625000 6 0.647500 0.287500 0.135000 0.550000 7
img/339_27362.png 0.290000 0.400000 0.170000 0.800000 2 0.395000 0.493750 0.180000 0.737500 7 0.497500 0.556250 0.175000 0.637500 3 0.600000 0.550000 0.180000 0.650000 6 0.705000 0.500000 0.170000 0.700000 2
img/340_60549.png 0.325000 0.518750 0.160000 0.662500 6 0.417500 0.568750 0.155000 0.587500 0 0.502500 0.562500 0.155000 0.575000 5 0.592500 0.518750 0.155000 0.637500 4 0.680000 0.456250 0.150000 0.687500 9
img/341_56215.png 0.325000 0.312500 0.150000 0.625000 5 0.415000 0.400000 0.160000 0.750000 6 0.505000 0.518750 0.150000 0.737500 2 0.590000 0.637500 0.150000 0.700000 1 0.675000 0.700000 0.150000 0.575000 5
img/342_21520.png 0.340000 0.700000 0.140000 0.575000 2 0.420000 0.631250 0.140000 0.637500 1 0.500000 0.537500 0.140000 0.675000 5 0.580000 0.418750 0.140000 0.687500 2 0.660000 0.325000 0.140000 0.650000 0
img/343_84905.png 0.330000 0.706250 0.150000 0.562500 8 0.415000 0.662500 0.150000 0.625000 4 0.500000 0.587500 0.150000 0.700000 9 0.585000 0.487500 0.150000 0.725000 0 0.670000 0.368750 0.150000 0.712500 5
img/344_34138.png 0.330000 0.631250 0.150000 0.712500 3 0.415000 0.518750 0.150000 0.737500 4 0.500000 0.406250 0.150000 0.687500 1 0.585000 0.331250 0.150000 0.637500 3 0.670000 0.287500 0.150000 0.575000 8
img/345_63172.png 0.292500 0.581250 0.185000 0.812500 6 0.397500 0.481250 0.175000 0.787500 3 0.497500 0.400000 0.175000 0.700000 1 0.602500 0.362500 0.185000 0.625000 7 0.707500 0.393750 0.175000 0.687500 2
img/346_60399.png 0.307500 0.318750 0.175000 0.637500 6 0.407500 0.368750 0.165000 0.737500 0 0.502500 0.475000 0.165000 0.800000 3 0.597500 0.587500 0.165000 0.800000 9 0.692500 0.656250 0.165000 0.662500 9
img/347_77023.png 0.320000 0.306250 0.160000 0.612500 7 0.417500 0.375000 0.165000 0.700000 7 0.507500 0.487500 0.155000 0.750000 0 0.597500 0.600000 0.155000 0.750000 2 0.685000 0.668750 0.150000 0.637500 3
img/348_51460.png 0.320000 0.331250 0.150000 0.662500 5 0.407500 0.412500 0.155000 0.775000 1 0.497500 0.537500 0.155000 0.725000 4 0.587500 0.643750 0.165000 0.687500 6 0.680000 0.693750 0.150000 0.587500 0
img/349_03497.png 0.295000 0.600000 0.170000 0.775000 0 0.395000 0.518750 0.170000 0.837500 3 0.495000 0.412500 0.170000 0.750000 4 0.595000 0.350000 0.170000 0.675000 9 0.700000 0.331250 0.180000 0.637500 7
img/350_77839.png 0.322500 0.343750 0.155000 0.687500 7 0.415000 0.443750 0.160000 0.762500 7 0.505000 0.581250 0.150000 0.737500 8 0.590000 0.662500 0.150000 0.650000 3 0.675000 0.712500 0.150000 0.550000 9
img/351_91519.png 0.300000 0.568750 0.180000 0.837500 9 0.400000 0.450000 0.180000 0.775000 1 0.500000 0.375000 0.180000 0.700000 5 0.600000 0.337500 0.180000 0.625000 1 0.700000 0.368750 0.180000 0.687500 9
img/352_16874.png 0.322500 0.293750 0.145000 0.587500 1 0.412500 0.362500 0.155000 0.725000 6 0.500000 0.481250 0.150000 0.737500 8 0.587500 0.600000 0.155000 0.725000 7 0.677500 0.681250 0.145000 0.612500 4
img/353_32466.png 0.290000 0.481250 0.180000 0.787500 3 0.390000 0.556250 0.180000 0.687500 2 0.490000 0.587500 0.180000 0.625000 4 0.595000 0.562500 0.190000 0.700000 6 0.705000 0.493750 0.190000 0.762500 6
img/354_10438.png 0.307500 0.350000 0.165000 0.700000 1 0.405000 0.431250 0.170000 0.837500 0 0.500000 0.543750 0.170000 0.762500 4 0.595000 0.625000 0.170000 0.700000 3 0.692500 0.675000 0.165000 0.625000 8
img/355_79487.png 0.327500 0.325000 0.155000 0.650000 7 0.415000 0.418750 0.150000 0.737500 9 0.500000 0.537500 0.150000 0.725000 4 0.585000 0.643750 0.150000 0.687500 8 0.672500 0.706250 0.155000 0.562500 7
img/356_13842.png 0.332500 0.300000 0.145000 0.600000 1 0.415000 0.368750 0.150000 0.737500 3 0.500000 0.493750 0.150000 0.737500 8 0.585000 0.606250 0.150000 0.712500 4 0.667500 0.681250 0.145000 0.612500 2
img/357_86433.png 0.300000 0.362500 0.170000 0.725000 8 0.400000 0.450000 0.180000 0.850000 6 0.502500 0.568750 0.165000 0.762500 4 0.600000 0.643750 0.170000 0.687500 3 0.695000 0.687500 0.170000 0.600000 3
img/358_43822.png 0.300000 0.362500 0.170000 0.725000 4 0.400000 0.437500 0.170000 0.800000 3 0.497500 0.525000 0.175000 0.725000 8 0.595000 0.568750 0.170000 0.637500 2 0.695000 0.575000 0.170000 0.625000 2
img/359_47582.png 0.310000 0.300000 0.160000 0.600000 4 0.407500 0.375000 0.175000 0.750000 7 0.505000 0.481250 0.160000 0.787500 5 0.597500 0.606250 0.165000 0.762500 8 0.690000 0.668750 0.160000 0.637500 2
img/360_69431.png 0.342500 0.668750 0.145000 0.637500 6 0.425000 0.587500 0.140000 0.700000 9 0.505000 0.462500 0.140000 0.675000 4 0.582500 0.368750 0.135000 0.637500 3 0.662500 0.287500 0.135000 0.575000 1
img/361_23540.png 0.300000 0.525000 0.180000 0.775000 2 0.400000 0.462500 0.180000 0.700000 3 0.500000 0.418750 0.180000 0.612500 5 0.600000 0.456250 0.180000 0.687500 4 0.700000 0.518750 0.180000 0.762500 0
img/362_22632.png 0.310000 0.343750 0.160000 0.687500 2 0.405000 0.418750 0.160000 0.787500 2 0.500000 0.556250 0.170000 0.762500 6 0.595000 0.643750 0.160000 0.687500 3 0.690000 0.693750 0.160000 0.587500 2
img/363_42326.png 0.295000 0.587500 0.170000 0.800000 4 0.395000 0.500000 0.170000 0.750000 2 0.495000 0.443750 0.170000 0.687500 3 0.595000 0.412500 0.170000 0.625000 2 0.700000 0.456250 0.180000 0.712500 6
img/364_75793.png 0.302500 0.568750 0.175000 0.787500 7 0.402500 0.468750 0.165000 0.687500 5 0.502500 0.418750 0.175000 0.612500 7 0.602500 0.418750 0.165000 0.612500 9 0.697500 0.456250 0.165000 0.687500 3
img/365_76445.png 0.312500 0.543750 0.165000 0.662500 7 0.412500 0.600000 0.165000 0.575000 6 0.507500 0.581250 0.155000 0.587500 4 0.597500 0.531250 0.155000 0.662500 4 0.685000 0.450000 0.160000 0.700000 5
img/366_72975.png 0.295000 0.550000 0.190000 0.800000 7 0.400000 0.462500 0.180000 0.700000 2 0.500000 0.431250 0.180000 0.637500 9 0.605000 0.450000 0.190000 0.675000 7 0.710000 0.512500 0.180000 0.750000 5
img/367_77773.png 0.335000 0.693750 0.140000 0.587500 7 0.420000 0.600000 0.140000 0.675000 7 0.505000 0.475000 0.140000 0.675000 7 0.587500 0.368750 0.145000 0.637500 7 0.667500 0.287500 0.135000 0.575000 3
img/368_66386.png 0.322500 0.712500 0.155000 0.550000 6 0.415000 0.675000 0.160000 0.625000 6 0.505000 0.593750 0.150000 0.687500 3 0.590000 0.493750 0.150000 0.712500 8 0.677500 0.381250 0.155000 0.737500 6
img/369_48360.png 0.295000 0.543750 0.170000 0.762500 4 0.395000 0.481250 0.170000 0.687500 8 0.495000 0.456250 0.170000 0.637500 3 0.600000 0.493750 0.180000 0.712500 6 0.705000 0.562500 0.170000 0.775000 0
img/370_00741.png 0.335000 0.706250 0.140000 0.562500 0 0.415000 0.650000 0.140000 0.650000 0 0.500000 0.543750 0.150000 0.687500 7 0.585000 0.425000 0.140000 0.675000 4 0.665000 0.325000 0.140000 0.650000 1
img/371_31644.png 0.325000 0.631250 0.150000 0.712500 3 0.410000 0.518750 0.150000 0.737500 1 0.500000 0.412500 0.160000 0.700000 6 0.590000 0.331250 0.150000 0.612500 4 0.675000 0.287500 0.150000 0.550000 4
img/372_65349.png 0.322500 0.493750 0.165000 0.687500 6 0.415000 0.550000 0.150000 0.575000 5 0.502500 0.562500 0.155000 0.575000 3 0.590000 0.512500 0.150000 0.625000 4 0.677500 0.456250 0.155000 0.687500 9
img/373_19401.png 0.300000 0.437500 0.180000 0.700000 1 0.400000 0.400000 0.180000 0.625000 9 0.500000 0.425000 0.180000 0.675000 4 0.600000 0.493750 0.180000 0.762500 0 0.700000 0.587500 0.180000 0.800000 1
img/374_54685.png 0.345000 0.700000 0.130000 0.575000 5 0.420000 0.618750 0.130000 0.637500 4 0.500000 0.506250 0.140000 0.662500 6 0.580000 0.393750 0.130000 0.637500 8 0.655000 0.300000 0.130000 0.600000 5
img/375_00993.png 0.300000 0.531250 0.180000 0.762500 0 0.400000 0.462500 0.180000 0.675000 0 0.500000 0.450000 0.180000 0.650000 9 0.600000 0.493750 0.180000 0.712500 9 0.700000 0.575000 0.180000 0.775000 3
img/376_50236.png 0.317500 0.412500 0.155000 0.725000 5 0.407500 0.506250 0.155000 0.662500 0 0.497500 0.550000 0.155000 0.575000 2 0.582500 0.562500 0.155000 0.575000 3 0.677500 0.525000 0.165000 0.650000 6
img/377_77000.png 0.307500 0.612500 0.175000 0.750000 7 0.410000 0.500000 0.170000 0.775000 7 0.507500 0.406250 0.165000 0.712500 0 0.600000 0.343750 0.160000 0.637500 0 0.692500 0.318750 0.165000 0.587500 0
img/378_01416.png 0.342500 0.687500 0.135000 0.600000 0 0.417500 0.600000 0.135000 0.675000 1 0.497500 0.487500 0.135000 0.650000 4 0.572500 0.387500 0.135000 0.625000 1 0.655000 0.306250 0.140000 0.587500 6
img/379_40778.png 0.317500 0.643750 0.155000 0.687500 4 0.405000 0.556250 0.150000 0.737500 0 0.495000 0.443750 0.160000 0.687500 7 0.590000 0.375000 0.160000 0.600000 7 0.682500 0.343750 0.155000 0.537500 8
img/380_28354.png 0.312500 0.325000 0.165000 0.600000 2 0.407500 0.368750 0.165000 0.687500 8 0.500000 0.450000 0.160000 0.750000 3 0.592500 0.550000 0.165000 0.775000 5 0.687500 0.631250 0.165000 0.712500 4
img/381_78011.png 0.307500 0.693750 0.175000 0.587500 7 0.407500 0.662500 0.165000 0.650000 8 0.502500 0.593750 0.165000 0.737500 0 0.597500 0.487500 0.165000 0.775000 1 0.692500 0.381250 0.165000 0.762500 1
img/382_97625.png 0.305000 0.625000 0.160000 0.650000 9 0.402500 0.656250 0.175000 0.587500 7 0.505000 0.618750 0.170000 0.662500 6 0.602500 0.543750 0.165000 0.712500 2 0.695000 0.443750 0.160000 0.762500 5
img/383_53360.png 0.345000 0.693750 0.130000 0.587500 5 0.420000 0.618750 0.130000 0.662500 3 0.497500 0.506250 0.135000 0.662500 3 0.575000 0.393750 0.140000 0.662500 6 0.655000 0.300000 0.130000 0.600000 0
img/384_30214.png 0.305000 0.681250 0.170000 0.612500 3 0.400000 0.668750 0.170000 0.637500 0 0.497500 0.612500 0.165000 0.725000 2 0.595000 0.525000 0.170000 0.775000 1 0.690000 0.406250 0.170000 0.787500 4
img/385_90960.png 0.342500 0.675000 0.135000 0.625000 9 0.417500 0.575000 0.135000 0.675000 0 0.495000 0.462500 0.130000 0.650000 9 0.575000 0.362500 0.140000 0.625000 6 0.652500 0.281250 0.135000 0.562500 0
img/386_98678.png 0.320000 0.618750 0.150000 0.737500 9 0.405000 0.506250 0.150000 0.737500 8 0.495000 0.400000 0.160000 0.700000 6 0.590000 0.318750 0.160000 0.612500 7 0.680000 0.287500 0.150000 0.550000 8
img/387_87638.png 0.290000 0.331250 0.180000 0.637500 8 0.395000 0.350000 0.190000 0.675000 7 0.505000 0.425000 0.190000 0.775000 6 0.610000 0.537500 0.180000 0.825000 3 0.710000 0.612500 0.180000 0.750000 8
img/388_29523.png 0.300000 0.537500 0.180000 0.800000 2 0.400000 0.450000 0.180000 0.725000 9 0.500000 0.406250 0.180000 0.637500 5 0.600000 0.418750 0.180000 0.662500 2 0.700000 0.481250 0.180000 0.737500 3
img/389_61163.png 0.300000 0.606250 0.180000 0.762500 6 0.400000 0.506250 0.170000 0.787500 1 0.497500 0.400000 0.165000 0.725000 1 0.600000 0.343750 0.180000 0.662500 6 0.700000 0.312500 0.170000 0.600000 3
img/390_80439.png 0.322500 0.331250 0.155000 0.662500 8 0.412500 0.406250 0.155000 0.787500 0 0.500000 0.531250 0.150000 0.762500 4 0.587500 0.637500 0.155000 0.700000 3 0.677500 0.700000 0.155000 0.575000 9
img/391_31703.png 0.295000 0.406250 0.170000 0.812500 3 0.395000 0.487500 0.170000 0.750000 1 0.500000 0.543750 0.180000 0.662500 7 0.605000 0.562500 0.170000 0.650000 0 0.705000 0.525000 0.170000 0.725000 3
img/392_04231.png 0.300000 0.587500 0.180000 0.800000 0 0.400000 0.487500 0.180000 0.800000 4 0.500000 0.400000 0.180000 0.725000 2 0.600000 0.362500 0.180000 0.650000 3 0.700000 0.356250 0.180000 0.637500 1
img/393_37538.png 0.320000 0.300000 0.150000 0.600000 3 0.412500 0.362500 0.165000 0.700000 7 0.502500 0.462500 0.155000 0.725000 5 0.592500 0.587500 0.155000 0.750000 3 0.680000 0.662500 0.150000 0.650000 8
img/394_97858.png 0.315000 0.306250 0.160000 0.612500 9 0.410000 0.356250 0.170000 0.687500 7 0.505000 0.462500 0.160000 0.750000 8 0.595000 0.568750 0.160000 0.762500 5 0.685000 0.650000 0.160000 0.675000 8
img/395_80318.png 0.300000 0.575000 0.180000 0.825000 8 0.400000 0.475000 0.180000 0.750000 0 0.500000 0.425000 0.180000 0.650000 3 0.600000 0.418750 0.180000 0.637500 1 0.700000 0.462500 0.180000 0.725000 8
img/396_47157.png 0.290000 0.543750 0.180000 0.762500 4 0.395000 0.481250 0.190000 0.662500 7 0.500000 0.468750 0.180000 0.637500 1 0.600000 0.506250 0.180000 0.712500 5 0.705000 0.593750 0.190000 0.787500 7
img/397_88286.png 0.320000 0.543750 0.150000 0.637500 8 0.405000 0.593750 0.150000 0.562500 8 0.492500 0.581250 0.155000 0.562500 2 0.580000 0.543750 0.150000 0.637500 8 0.670000 0.468750 0.160000 0.687500 6
img/398_36841.png 0.300000 0.362500 0.170000 0.725000 3 0.400000 0.450000 0.180000 0.850000 6 0.502500 0.575000 0.165000 0.775000 8 0.600000 0.643750 0.170000 0.687500 4 0.695000 0.687500 0.170000 0.600000 1
img/399_45373.png 0.295000 0.675000 0.170000 0.625000 4 0.395000 0.656250 0.170000 0.662500 5 0.495000 0.606250 0.170000 0.762500 3 0.600000 0.493750 0.180000 0.812500 7 0.705000 0.400000 0.170000 0.800000 3
